1 2 3 4 6 8 10 11 13 14 16 17 19 22 23 24 31 40 51 65 76 84 92 95 100 
1 2 3 4 5 6 8 9 10 12 15 16 17 18 21 26 34 50 65 80 90 93 100 
1 2 3 4 5 6 7 8 9 10 11 12 13 14 15 16 17 20 21 22 24 25 28 30 31 33 36 41 44 53 57 68 77 87 95 99 
1 2 3 5 7 9 12 15 17 25 31 44 54 69 78 83 94 99 
1 2 3 4 5 6 9 11 13 15 16 17 18 19 21 22 24 26 27 28 29 34 37 38 43 46 47 49 53 56 61 64 70 76 79 84 88 92 95 96 97 98 100 
1 2 3 6 10 17 20 28 40 63 88 
1 3 4 6 8 13 15 17 22 28 34 49 61 76 81 87 93 99 100 
1 2 3 4 6 8 12 13 16 17 23 27 30 37 44 50 57 66 78 85 87 94 98 99 100 
1 2 3 4 5 7 8 9 10 11 13 16 20 21 22 23 24 28 29 32 36 41 42 47 54 58 63 65 70 75 79 82 85 91 95 97 98 99 100 
1 2 3 4 5 6 7 8 9 10 11 14 15 16 17 20 21 23 26 29 32 35 40 42 45 48 51 61 69 76 82 87 89 92 95 96 98 99 100 
1 2 3 5 6 7 8 9 13 16 20 23 27 33 37 40 51 56 66 72 82 86 90 97 99 100 
1 2 3 4 5 7 8 9 10 11 12 15 17 18 19 21 23 24 25 27 28 29 31 32 33 37 39 42 43 47 50 58 63 66 69 72 73 78 80 81 87 91 96 98 100 
1 2 3 4 8 13 19 25 27 36 44 49 59 65 78 83 89 96 98 100 
1 2 3 5 9 13 16 25 32 38 46 62 71 86 97 100 
1 2 3 4 5 6 7 8 9 10 11 12 15 16 19 21 24 29 35 43 45 53 62 69 81 86 93 99 
1 2 3 4 5 6 7 8 9 10 11 12 13 14 15 16 17 18 20 21 22 24 26 30 35 38 39 43 48 54 63 74 85 96 97 99 
1 2 3 4 5 6 7 8 9 10 11 14 18 20 21 25 26 28 30 35 41 43 44 46 50 51 56 59 63 68 72 76 79 82 88 90 93 95 97 98 99 100 
1 5 11 18 27 41 58 77 94 
1 4 7 13 24 29 46 65 84 93 99 
1 2 3 5 7 9 14 16 24 36 62 78 84 95 100 
1 2 3 5 7 9 12 20 26 33 38 47 67 75 87 96 98 100 
1 3 4 5 6 7 8 9 10 11 15 17 19 20 21 22 23 25 26 27 31 32 35 36 38 41 44 46 49 51 54 56 58 61 63 66 72 75 78 83 88 92 94 98 99 100 
1 2 3 4 6 9 11 16 22 26 39 55 67 87 95 
1 2 5 13 19 29 47 61 83 91 
1 2 3 4 5 7 8 12 14 15 19 20 23 25 32 36 43 55 64 70 76 84 93 98 100 
1 2 3 4 5 6 7 8 9 10 11 13 15 16 17 19 21 22 23 25 29 30 35 39 45 48 51 53 61 64 68 72 79 84 89 92 96 98 99 100 
1 2 3 4 7 9 10 11 14 16 19 22 23 25 26 27 28 33 34 35 40 43 48 51 54 60 69 75 85 88 93 96 97 100 
1 2 4 10 14 19 27 35 45 60 66 84 89 96 100 
1 4 6 12 18 29 50 62 78 93 
1 3 4 5 6 7 8 9 10 11 12 14 15 17 18 20 24 28 29 37 46 53 64 80 93 
1 2 3 4 5 6 7 8 12 14 15 16 19 21 23 25 27 28 30 33 36 37 38 43 47 50 51 56 61 63 67 70 79 88 93 97 100 
1 2 4 5 7 8 10 12 16 18 20 26 30 42 57 74 80 92 96 99 
1 2 3 4 5 6 7 8 10 12 16 18 21 23 30 37 47 56 72 80 87 91 99 
1 2 3 4 6 8 9 11 20 30 36 43 50 69 87 98 
1 2 3 4 5 6 7 10 12 14 15 18 21 24 31 35 36 44 48 52 64 72 78 85 92 95 99 100 
1 2 4 7 9 10 11 13 14 18 26 35 42 50 63 79 86 92 99 
1 2 4 7 8 14 19 26 38 52 68 83 95 
1 2 4 6 8 9 11 12 13 14 17 18 22 27 29 31 33 34 35 39 42 49 52 60 66 70 74 81 84 92 93 96 98 100 
1 2 3 4 7 10 12 18 27 43 63 77 94 
1 2 3 4 5 6 11 12 13 14 19 22 23 27 30 37 42 47 56 63 67 74 86 89 94 98 99 100 
1 2 3 4 6 7 8 10 11 14 17 20 21 24 31 36 40 45 54 65 73 84 90 91 98 99 100 
1 2 3 4 5 6 7 9 10 11 13 14 18 22 28 34 42 49 65 78 86 93 97 99 
1 2 4 5 7 8 10 11 12 14 16 17 19 22 28 34 36 44 52 60 67 74 84 89 94 99 
1 2 4 5 6 10 11 14 16 23 31 40 48 60 74 89 96 
1 3 6 8 11 16 18 20 26 34 41 51 64 71 81 86 89 93 95 99 100 
1 2 3 4 5 7 9 14 19 23 29 38 44 52 61 72 75 85 96 99 100 
1 2 3 6 9 13 17 22 25 31 36 46 57 65 74 83 94 99 100 
1 2 4 7 10 15 19 28 37 45 54 68 76 85 93 98 
1 2 3 4 5 6 7 8 9 10 11 13 14 17 18 20 23 27 31 32 36 43 48 50 58 64 67 75 81 84 86 92 94 98 99 100 
1 2 3 4 7 10 14 18 26 31 43 54 66 84 90 
1 2 3 4 5 6 8 11 15 23 38 52 68 77 86 95 100 
1 2 4 6 8 15 17 22 26 36 47 58 66 79 91 98 
1 2 3 6 7 8 9 12 13 19 21 26 29 32 40 44 52 60 73 84 89 95 98 100 
1 2 3 4 5 7 8 11 15 17 24 27 30 36 46 60 72 85 91 96 98 
1 2 3 4 5 6 7 8 9 11 12 14 15 16 17 19 21 28 35 39 51 59 61 67 80 86 93 98 99 
1 2 3 4 5 6 7 8 9 10 13 14 16 21 31 42 62 72 91 97 
1 2 3 4 5 7 8 11 12 15 16 25 30 43 50 60 71 79 89 94 98 100 
1 3 4 6 8 11 13 20 23 32 42 48 59 71 81 93 96 100 
1 2 3 5 7 10 12 13 18 25 28 31 39 44 53 62 67 73 79 87 96 99 100 
1 3 4 5 10 15 23 32 44 62 81 96 
1 2 3 4 8 10 15 21 30 37 50 65 80 94 
1 2 3 4 8 10 15 22 32 44 56 68 82 94 99 
1 2 3 4 5 8 10 12 14 15 20 26 35 47 56 66 72 84 90 99 
1 2 3 4 6 8 12 16 29 38 49 66 88 92 98 
1 2 3 4 5 6 7 8 9 11 14 19 20 25 29 32 38 43 52 57 67 78 84 92 99 100 
1 2 3 4 5 7 8 9 12 17 23 26 34 37 49 56 63 78 83 90 93 99 100 
1 2 3 4 5 6 7 8 12 13 21 26 28 34 41 52 56 60 66 74 81 89 94 95 98 99 100 
1 2 3 4 7 8 12 14 17 19 22 27 37 49 60 72 84 90 97 100 
1 2 3 5 6 8 16 26 37 53 72 93 
1 2 5 6 9 10 11 13 17 20 25 35 45 57 65 77 88 92 97 99 
1 2 3 4 5 7 10 14 17 22 23 33 41 44 54 59 72 80 84 90 97 100 
1 2 3 4 5 8 11 15 20 25 31 41 53 57 69 79 85 93 98 100 
1 2 4 6 7 8 9 10 13 15 20 23 26 28 32 35 42 47 49 55 63 67 79 89 93 97 98 100 
1 3 4 13 18 25 37 54 76 93 
1 2 3 4 5 8 9 13 17 20 21 24 28 31 38 45 50 56 68 83 89 96 99 
1 2 3 4 6 7 10 12 14 20 26 29 36 40 46 50 62 69 76 82 90 94 96 98 99 100 
1 2 3 4 5 6 8 9 11 13 18 21 23 26 30 36 44 48 60 71 77 85 92 95 99 
1 2 3 4 5 6 8 10 11 12 13 16 18 20 23 24 26 28 31 34 36 39 42 49 56 62 65 69 74 78 84 89 92 94 97 98 99 100 
1 2 3 4 6 8 10 15 21 26 31 43 60 72 94 100 
5 8 13 23 38 48 59 77 90 
1 2 6 11 17 33 42 55 72 87 97 
1 2 4 6 7 8 11 13 17 25 33 48 63 74 87 94 99 
1 2 3 5 6 9 14 19 23 26 29 31 41 50 63 72 83 90 97 100 
1 2 3 4 5 7 8 9 10 11 12 13 14 15 17 19 22 25 30 33 37 44 49 50 56 61 67 74 77 85 90 96 98 99 100 
1 2 3 6 9 10 18 29 39 56 68 86 99 
1 2 3 6 8 9 13 15 22 29 38 48 61 70 83 97 
1 2 3 4 5 10 15 18 21 27 31 37 45 54 58 72 84 92 97 
1 2 3 5 6 7 9 10 11 14 15 19 22 25 28 36 41 48 53 61 71 78 83 90 96 99 
2 3 4 6 10 13 19 27 38 61 83 96 
1 2 4 6 7 8 9 11 15 16 17 21 26 30 36 40 51 61 68 73 83 88 94 98 100 
1 2 3 4 7 11 12 14 15 22 27 34 39 44 53 61 69 78 83 91 97 99 
1 2 3 4 7 13 15 18 23 35 52 65 84 93 
1 2 3 4 5 6 10 13 17 19 23 27 31 35 43 51 63 74 85 93 
1 2 3 4 5 6 8 11 13 18 22 28 39 51 66 78 90 97 100 
1 2 3 4 5 7 8 11 12 14 15 16 19 20 21 27 33 44 54 61 64 71 76 81 86 91 94 96 98 100 
1 2 3 4 5 6 7 10 12 16 18 24 27 33 43 49 62 76 87 97 
1 2 4 5 6 9 13 18 21 24 32 47 60 74 83 94 98 
1 2 3 4 5 6 8 11 15 20 22 25 30 34 39 54 62 73 84 93 100 
1 2 5 6 7 9 13 18 23 30 41 51 63 77 89 95 98 
1 2 3 4 6 9 10 17 19 23 26 30 34 43 50 58 69 78 90 94 98 100 
2 3 4 5 6 9 13 18 23 25 31 37 47 57 66 81 88 98 
1 2 3 4 7 11 12 14 20 25 29 36 44 57 69 78 85 93 97 100 
1 3 4 5 7 12 14 20 23 28 40 53 67 78 92 98 100 
1 2 3 4 5 6 7 10 13 15 19 23 25 33 41 54 61 66 76 87 93 96 100 
1 2 3 4 5 6 7 8 10 12 15 23 28 32 37 43 53 57 70 85 96 97 100 
1 2 3 4 5 6 7 8 9 10 11 12 13 14 17 20 22 24 33 37 47 56 63 70 80 90 93 99 100 
1 2 3 4 5 6 7 8 9 10 12 13 14 17 18 19 20 24 29 36 48 55 67 77 88 99 
1 2 3 4 5 6 7 10 11 14 15 18 22 35 43 56 65 80 87 92 98 
1 3 4 7 8 10 11 14 19 21 30 37 52 65 82 94 
1 3 6 9 13 22 31 43 53 69 84 97 100 
1 2 3 5 6 7 9 12 14 18 21 29 41 53 66 75 86 89 95 100 
1 2 3 4 5 6 7 11 13 22 24 35 41 55 65 87 93 97 
1 2 3 4 8 9 14 18 21 23 28 35 50 55 65 78 86 97 
1 2 3 4 5 6 7 9 12 13 15 16 17 19 22 28 33 37 40 47 57 67 73 81 88 91 94 97 100 
1 2 3 4 5 7 13 26 34 57 74 94 
1 2 3 5 6 7 8 9 10 11 13 14 18 20 24 28 34 42 48 56 66 77 85 90 95 96 98 99 100 
1 2 4 9 11 12 14 19 21 29 34 42 54 63 74 82 91 97 99 100 
1 2 3 6 9 15 28 38 59 74 88 96 
1 2 3 4 5 6 7 9 11 12 14 15 16 17 18 21 22 23 26 29 33 36 39 40 46 49 54 56 57 61 66 72 77 83 85 88 91 92 93 94 95 98 99 100 
2 4 6 7 8 11 13 15 17 22 28 35 40 50 58 66 77 87 95 97 98 100 
1 2 3 4 6 7 8 10 11 12 14 17 21 23 25 28 36 43 50 52 59 65 76 84 92 95 100 
1 2 6 8 11 14 18 22 25 33 42 53 63 77 88 93 98 100 
1 2 3 4 6 8 11 13 18 25 32 42 52 69 83 91 99 
1 2 3 4 6 10 17 27 35 44 55 65 78 86 97 99 
1 2 4 6 7 8 9 10 11 14 15 19 28 39 44 55 64 74 82 87 91 97 100 
1 2 3 4 6 8 15 24 38 59 72 84 92 
1 2 4 5 8 13 23 33 46 63 82 92 
1 2 3 4 5 7 9 13 20 26 30 39 49 59 70 80 90 99 
1 2 3 5 6 7 8 12 16 17 22 27 30 33 37 46 55 63 72 78 91 94 99 100 
1 2 3 4 5 7 11 14 15 19 23 27 34 41 53 65 73 86 95 98 
1 2 3 4 5 6 7 9 10 11 12 13 16 17 18 20 22 26 30 34 35 40 44 49 55 59 66 71 77 83 91 96 97 98 99 100 
1 2 3 4 5 6 8 9 10 17 21 23 24 25 27 28 32 36 37 39 42 44 47 51 53 58 64 69 72 80 85 87 90 93 94 97 99 100 
1 2 4 5 7 10 13 17 23 30 35 45 56 71 79 92 96 99 
1 2 3 6 10 19 28 44 61 83 95 
1 2 3 4 5 8 12 14 21 23 32 42 50 56 69 79 91 93 96 99 100 
1 2 4 5 6 8 11 14 19 27 39 60 71 85 91 98 
1 2 3 4 5 6 7 8 9 10 12 13 15 21 23 24 28 32 37 40 49 52 54 60 66 70 75 87 95 97 100 
1 2 3 4 6 8 10 16 21 32 48 59 75 83 95 
1 3 5 6 7 10 11 13 16 20 23 26 36 44 49 57 73 81 90 97 100 
1 6 15 21 32 45 56 80 90 98 
1 2 3 4 6 12 14 19 24 28 33 43 51 64 71 83 92 98 100 
1 2 3 4 5 6 7 10 12 14 17 18 20 24 28 37 41 47 62 72 82 91 95 99 
1 2 4 5 6 8 12 15 19 22 29 39 44 52 56 64 71 80 84 90 93 98 99 100 
1 2 3 4 6 13 16 27 38 53 64 76 85 93 99 
1 2 3 4 7 8 9 13 19 21 23 28 35 39 45 52 61 68 74 86 96 100 
1 2 4 7 11 15 19 22 30 38 49 56 60 66 74 83 87 91 94 96 98 99 100 
1 2 3 4 5 6 8 9 16 23 30 40 60 70 85 97 
1 2 3 4 7 10 12 13 23 30 38 45 57 67 75 88 92 100 
1 3 6 7 10 14 19 31 40 55 69 86 97 
1 2 3 4 5 6 7 8 9 16 18 21 30 36 47 64 75 83 91 95 
1 2 3 4 5 6 8 9 12 15 18 26 37 44 56 65 77 87 96 100 
1 2 3 4 6 8 9 10 11 13 15 16 19 23 26 27 28 30 32 35 41 43 44 45 48 53 57 58 65 69 73 77 81 82 83 86 89 93 95 97 99 100 
1 2 3 4 5 6 7 9 11 12 15 18 21 23 25 30 35 39 43 48 56 60 65 76 78 84 87 93 99 100 
1 2 7 8 15 27 41 49 60 76 93 
1 2 3 5 7 11 14 17 23 28 36 52 68 77 94 100 
1 2 3 4 5 10 13 19 31 38 52 65 84 98 
1 3 4 5 6 7 11 13 16 21 27 33 34 42 49 56 70 82 89 95 99 100 
1 2 3 4 5 10 13 17 23 26 31 40 47 58 65 81 90 94 97 100 
1 2 3 5 6 8 9 10 11 12 14 15 19 20 22 27 30 33 35 36 41 43 47 51 52 54 57 60 64 65 70 73 77 79 82 85 88 89 91 93 96 97 99 100 
1 4 5 9 10 13 17 22 27 33 36 38 44 51 56 63 71 78 84 88 91 94 97 100 
1 2 3 4 6 9 10 12 13 15 16 17 20 23 24 30 38 42 48 57 62 76 80 91 93 98 99 100 
1 2 3 5 6 8 12 16 24 34 46 72 91 
1 2 3 4 5 6 9 10 16 22 26 33 43 56 70 81 90 
1 2 3 4 7 8 15 20 26 35 46 56 66 78 91 95 100 
1 2 3 4 5 6 7 9 10 11 13 15 16 17 18 19 20 22 27 28 31 35 41 45 48 50 53 57 65 69 74 79 80 81 86 90 95 97 98 100 
1 2 6 8 12 15 19 22 25 32 43 52 74 88 94 99 
1 2 3 4 5 8 10 12 17 20 28 42 47 53 63 76 81 92 98 100 
1 4 6 10 16 26 33 56 71 83 90 99 
1 2 3 4 5 6 7 8 9 10 12 13 14 15 16 17 24 27 30 32 35 36 41 43 45 49 52 54 57 61 65 72 77 81 82 86 88 90 92 96 99 100 
1 2 3 4 5 6 8 10 12 15 19 24 27 36 41 45 54 57 63 74 77 85 91 94 97 
1 2 3 8 11 13 15 19 24 34 39 46 61 69 76 85 89 97 99 100 
1 2 3 4 5 6 7 9 16 18 24 35 53 67 79 94 97 99 
1 2 3 4 5 6 7 10 11 12 13 14 15 16 19 20 21 22 23 24 25 28 30 33 36 37 42 44 49 54 55 60 63 68 75 78 84 87 92 94 97 98 100 
1 2 5 8 9 10 14 19 23 32 46 57 69 90 99 
1 2 3 4 5 6 9 12 22 36 49 68 81 98 
1 2 3 4 5 6 8 9 11 16 21 28 40 52 73 85 95 
1 2 4 5 6 8 13 16 17 19 24 32 37 45 49 57 69 77 89 93 96 98 99 100 
1 2 3 4 5 7 10 11 13 21 30 44 56 71 82 89 98 
1 2 4 5 7 9 12 14 15 17 19 20 21 23 29 34 35 41 47 54 62 68 75 84 90 95 98 100 
1 2 3 4 5 7 8 11 15 20 27 31 36 43 56 72 87 94 
1 2 3 5 7 8 10 12 14 19 24 30 40 53 66 77 92 94 98 100 
1 2 3 4 5 6 7 8 10 11 13 16 19 26 33 37 46 52 61 68 76 81 91 97 99 100 
1 2 5 7 13 16 19 30 41 53 65 77 86 97 100 
1 2 3 4 5 7 8 9 10 11 13 14 17 18 19 21 22 23 24 28 30 32 35 36 38 39 41 43 46 47 49 50 52 54 57 60 62 68 70 74 77 81 83 84 86 87 89 93 94 96 98 99 100 
1 2 3 5 6 7 10 17 18 22 31 34 41 47 62 72 83 91 95 98 100 
1 2 3 5 6 9 11 15 16 20 23 26 31 34 39 42 51 57 67 69 79 84 91 97 99 100 
1 4 5 8 9 10 13 14 17 18 23 25 31 37 45 49 58 63 69 78 84 92 96 98 99 100 
1 2 3 4 5 6 10 14 17 22 25 31 43 55 67 77 84 90 98 99 
1 3 4 5 6 7 8 9 10 11 12 13 14 16 17 18 19 22 23 26 27 30 33 34 39 43 50 55 61 63 69 74 83 90 94 97 98 99 100 
1 2 3 4 5 6 7 8 11 12 13 15 17 18 20 22 24 28 30 31 35 38 39 43 47 53 59 63 67 73 81 87 90 95 97 99 100 
1 2 4 5 12 17 24 38 56 75 95 
1 2 4 5 6 7 8 9 11 12 13 14 16 17 19 22 23 25 26 28 32 39 40 43 45 48 57 58 60 66 68 75 78 82 84 88 91 93 95 98 100 
2 3 4 5 7 9 12 13 16 18 22 24 28 30 33 34 36 39 41 47 51 56 62 68 70 79 83 87 92 95 97 100 
1 2 3 5 6 7 8 9 10 12 15 17 18 21 24 32 36 47 58 72 87 93 99 
1 2 3 5 7 8 9 12 15 18 23 31 37 47 54 70 84 94 
2 3 4 5 7 19 28 44 60 79 94 
1 2 3 4 5 6 13 22 38 54 72 87 97 
1 3 4 5 6 8 9 11 14 15 20 23 29 41 53 65 78 90 98 
1 2 3 4 5 6 7 9 12 16 17 23 35 47 59 68 85 93 100 
1 2 3 4 6 7 10 11 13 16 17 21 24 30 34 35 43 52 64 75 79 87 93 97 98 
1 2 3 4 5 6 8 9 10 11 13 15 17 21 26 36 43 51 62 70 81 89 94 98 100 
1 2 3 4 5 6 8 10 14 16 17 22 25 30 36 43 50 60 70 77 83 91 97 99 100 
1 2 3 4 5 7 9 11 14 16 20 22 25 29 32 42 56 67 74 82 91 93 98 99 100 
1 2 3 4 5 6 7 9 10 11 15 16 17 20 21 22 25 26 30 33 38 45 51 57 62 67 70 75 84 87 92 94 97 100 
1 2 3 4 5 6 7 8 9 10 11 12 13 14 15 16 17 19 23 28 31 32 38 50 65 77 88 95 
1 2 3 5 6 7 11 12 14 16 26 34 40 53 60 68 79 88 96 99 
1 2 3 4 5 6 9 12 15 22 26 28 31 36 39 50 58 66 75 87 93 97 99 
1 2 4 5 6 7 8 10 16 21 23 27 30 36 41 50 55 64 70 79 87 93 95 97 99 100 
1 3 4 5 9 13 16 21 25 34 37 50 62 74 83 91 97 
1 4 7 13 17 23 30 44 62 84 91 98 
1 2 3 4 5 9 11 13 14 18 25 29 35 44 49 65 73 80 88 95 100 
1 2 4 5 8 14 18 26 43 63 81 91 
1 2 5 11 14 16 22 26 32 50 67 81 91 95 97 
1 2 3 4 5 6 8 9 10 11 12 13 14 15 18 19 20 21 22 23 24 26 27 28 29 34 35 36 41 45 48 50 57 63 68 71 74 77 85 93 94 96 97 99 100 
1 2 3 4 5 7 10 15 17 25 30 39 45 54 72 82 89 95 100 
1 2 3 4 5 6 7 8 9 10 11 12 13 15 16 17 18 21 23 25 26 35 40 45 51 55 61 67 75 84 89 98 99 
1 2 3 4 6 7 8 10 11 12 13 15 16 18 21 23 25 27 29 35 38 40 41 47 49 51 59 64 68 73 79 86 88 94 95 98 99 100 
1 3 4 6 7 9 10 11 13 16 18 20 24 29 33 40 52 58 66 72 78 89 95 99 100 
1 2 3 4 5 6 7 8 10 11 13 19 25 30 36 47 59 68 81 89 96 99 
1 2 3 4 5 6 7 9 10 14 16 22 25 28 37 47 62 71 81 89 99 
1 2 3 4 5 7 10 11 12 13 16 25 31 40 47 57 70 86 93 98 
1 2 3 4 5 7 8 10 17 21 34 43 60 70 88 
1 2 3 5 8 9 12 22 30 53 65 86 96 
1 2 3 4 5 6 7 11 12 13 14 17 18 19 20 21 22 25 29 30 31 32 36 40 42 45 49 51 54 58 60 61 64 66 68 71 72 73 75 76 77 79 86 92 93 94 95 97 98 99 100 
1 2 3 4 5 6 7 8 9 10 12 13 14 15 16 18 21 22 23 24 27 30 32 34 40 43 44 47 48 49 53 55 60 61 62 64 71 76 82 88 94 95 99 100 
1 2 4 7 9 10 13 17 18 20 27 32 41 48 55 65 75 80 90 95 99 100 
1 2 4 5 6 12 17 23 29 42 51 59 71 85 94 97 99 
1 2 3 4 5 6 7 8 9 10 11 12 13 16 21 24 29 34 42 48 57 67 75 82 91 97 100 
1 2 3 4 5 6 9 10 11 12 13 14 15 17 18 19 20 21 23 25 27 28 29 31 32 33 36 38 39 42 43 44 46 48 50 53 56 62 65 69 76 83 85 89 94 98 100 
1 3 4 5 7 12 18 23 29 33 47 58 65 75 84 93 100 
1 2 3 4 9 10 13 17 21 31 37 44 51 63 76 88 99 100 
1 2 3 6 7 8 12 15 17 23 29 33 37 42 47 53 59 67 74 80 82 91 94 96 99 100 
1 2 3 4 5 6 7 8 11 13 14 17 19 20 23 25 27 30 33 35 39 46 50 55 61 68 73 81 86 90 92 95 100 
1 3 4 6 12 20 26 39 53 68 77 88 97 
2 3 4 6 11 12 16 21 32 39 47 52 67 77 82 92 98 99 
1 2 3 5 9 10 13 16 18 20 22 25 33 41 52 59 65 70 74 80 87 92 94 98 99 100 
1 2 3 5 8 11 12 17 25 30 36 44 50 62 70 74 84 92 93 94 96 97 99 100 
1 2 3 4 5 6 7 10 11 13 17 25 31 44 60 73 86 99 
1 2 3 4 5 6 7 9 11 14 16 21 25 32 43 46 59 71 78 85 91 98 99 100 
1 2 3 6 9 14 24 27 34 38 52 61 70 86 96 99 
1 2 3 6 7 9 10 14 23 25 32 39 47 59 71 80 91 99 100 
1 3 5 7 10 11 12 17 21 25 32 41 49 62 69 78 87 93 98 
1 2 5 6 7 8 10 13 16 19 24 30 34 43 45 57 64 76 87 97 100 
1 2 3 4 6 8 9 10 11 12 13 15 17 19 21 22 25 26 31 38 44 54 60 64 74 81 88 92 93 97 99 100 
1 2 5 6 10 17 26 33 44 58 72 84 97 99 
1 2 3 4 7 8 9 11 14 15 17 18 20 23 26 29 33 40 42 48 55 63 74 79 85 98 100 
1 3 6 7 10 14 18 25 28 36 41 45 52 56 60 67 71 81 86 90 95 97 100 
1 2 3 6 11 17 19 24 35 51 71 80 87 97 
1 2 3 4 6 7 8 9 11 12 15 17 19 20 22 24 32 38 45 50 55 62 75 82 85 92 95 98 99 100 
1 2 5 7 12 17 22 26 36 45 58 78 92 
1 3 5 9 11 13 18 22 29 39 50 62 74 90 97 
1 2 3 4 5 6 7 8 10 11 13 16 19 21 23 26 28 32 37 41 46 49 51 61 68 73 77 84 90 94 96 98 100 
1 2 3 4 6 8 9 10 11 19 21 27 34 43 51 66 77 90 95 98 
1 3 5 7 8 9 11 16 20 27 36 44 47 53 62 68 76 79 85 93 96 98 99 100 
1 2 3 4 6 8 9 11 13 14 19 22 29 33 44 49 59 75 86 93 97 99 100 
1 2 5 8 20 32 38 57 76 84 95 97 
1 3 5 7 9 11 15 19 24 29 44 55 69 80 92 97 
1 2 3 4 6 7 9 12 15 23 34 42 62 83 94 
1 2 3 4 5 6 9 12 13 18 23 26 33 47 61 76 83 95 99 
1 2 3 4 5 6 7 8 9 10 12 13 15 17 18 20 21 23 28 31 35 37 41 42 43 46 50 54 57 60 70 73 74 76 81 84 89 91 95 96 98 99 100 
1 2 3 4 5 7 8 12 15 22 32 40 50 56 61 75 86 95 99 100 
1 2 3 6 7 8 12 13 18 19 22 29 39 46 56 68 77 83 90 96 98 100 
1 2 3 4 5 6 7 9 10 20 28 41 60 79 91 99 
1 2 4 5 6 10 14 24 36 59 71 83 93 96 
1 2 3 4 5 6 7 8 9 10 11 12 13 16 17 18 20 21 22 23 25 28 31 33 34 36 37 41 43 45 48 50 54 58 60 63 67 70 72 74 75 78 80 82 86 88 89 90 93 94 96 97 99 100 
1 2 3 8 10 14 17 21 25 34 41 48 60 71 84 93 97 
1 2 3 4 5 6 9 10 12 17 20 27 35 43 52 58 71 82 90 94 99 100 
1 2 3 4 5 8 14 20 23 35 50 69 90 
1 2 3 4 6 7 9 12 13 23 31 40 45 53 67 78 88 97 100 
1 2 3 4 5 6 7 9 12 14 17 21 24 28 30 36 42 49 58 62 71 77 79 83 87 89 92 94 97 98 99 100 
1 2 3 4 6 7 8 9 10 12 14 16 17 18 19 21 23 26 30 33 39 42 44 49 52 59 63 68 70 73 79 85 88 94 97 99 100 
1 2 3 5 10 13 22 33 42 55 63 76 89 97 
1 2 3 4 6 8 12 15 16 18 22 28 37 58 72 83 93 
1 2 3 4 5 6 7 8 10 11 12 13 14 15 16 17 19 20 21 24 26 29 33 37 40 44 52 60 66 76 83 85 90 97 99 100 
1 3 5 6 9 11 17 23 24 36 46 58 70 80 92 98 
1 2 3 4 6 7 9 12 13 18 19 22 32 42 56 73 85 92 98 
1 3 4 5 7 12 15 18 24 35 49 71 81 93 99 
1 2 4 5 6 8 11 15 22 29 42 61 72 89 96 100 
1 2 3 4 5 6 8 9 10 18 21 31 43 57 77 84 97 98 
1 2 4 5 9 14 15 19 26 30 42 56 64 80 89 94 97 99 
1 2 5 6 7 9 11 14 19 24 28 33 42 58 70 80 88 95 97 100 
1 2 3 4 5 6 7 8 10 11 13 18 23 27 35 49 74 90 99 
1 2 3 5 6 7 9 13 15 17 19 21 22 26 28 31 33 36 42 44 50 52 54 58 60 61 64 68 73 75 79 83 85 86 89 92 93 96 97 98 99 100 
1 2 3 4 5 6 7 8 9 10 12 13 14 15 17 18 21 22 23 27 31 36 41 49 55 69 78 88 97 
1 2 3 4 6 7 8 9 10 14 16 19 23 24 25 28 30 32 36 41 48 60 67 74 82 86 91 94 99 
1 2 3 4 5 6 7 8 9 10 11 12 13 14 15 19 20 24 26 29 33 41 44 53 59 65 71 82 91 96 100 
1 2 4 7 11 16 19 25 30 38 47 56 61 74 83 88 95 99 100 
1 2 3 4 5 6 7 8 9 11 21 33 47 61 75 89 97 
2 3 5 8 9 11 13 14 16 18 21 24 27 38 42 51 67 76 85 89 95 99 100 
1 2 4 5 7 10 13 15 18 21 28 32 36 41 49 59 66 76 88 93 98 100 
1 2 3 4 5 7 8 9 10 11 12 13 15 18 21 22 23 25 29 32 36 44 56 67 75 81 90 94 99 100 
1 2 3 4 6 8 10 11 12 13 16 18 20 23 25 27 32 37 41 47 50 55 59 65 70 71 73 77 80 81 87 90 94 97 99 100 
1 2 3 4 5 6 7 10 13 18 20 28 34 41 48 55 67 75 88 92 97 100 
1 2 3 4 5 6 7 8 9 10 12 13 15 18 23 26 30 33 43 48 50 55 60 67 73 84 94 98 100 
1 2 3 4 5 7 8 9 12 15 18 20 21 24 27 33 41 49 62 78 87 92 96 100 
1 2 3 4 5 6 7 9 11 12 15 17 20 23 27 29 33 35 42 46 52 58 67 73 78 82 88 91 94 95 96 98 99 100 
1 2 3 4 5 6 7 10 11 12 15 18 20 23 26 29 31 35 38 43 47 55 62 65 70 76 84 89 94 95 100 
1 2 3 6 7 8 9 10 13 15 19 21 23 28 30 34 36 43 49 57 64 66 74 80 84 93 96 97 99 100 
1 2 3 4 5 6 7 8 9 10 11 12 13 15 17 18 19 21 25 28 31 37 42 48 54 62 72 81 84 90 93 98 100 
1 2 3 4 5 7 10 13 20 26 30 36 49 63 73 79 91 98 99 
1 2 3 4 5 7 8 10 17 25 32 52 72 93 
1 2 3 4 5 6 7 10 15 17 20 21 30 32 43 47 55 62 68 76 87 91 96 99 100 
1 2 3 4 5 6 7 9 10 12 13 16 17 20 23 24 28 30 32 33 40 50 55 59 63 68 77 86 89 91 96 99 
3 8 12 17 26 40 52 69 82 92 100 
1 2 5 6 8 11 20 33 44 51 64 72 85 87 93 98 100 
1 2 3 5 6 7 8 9 14 20 29 37 44 57 67 75 86 96 99 
1 2 5 7 9 10 11 14 15 22 26 31 44 55 66 79 93 
2 3 4 6 7 8 12 18 22 29 44 55 61 73 82 89 92 98 
1 2 3 4 5 9 11 16 23 30 46 57 77 86 96 
1 2 3 5 6 9 10 14 16 18 19 29 36 46 54 67 82 95 96 
1 2 3 4 5 8 9 10 12 13 14 16 20 23 25 29 31 34 36 41 45 49 55 60 68 76 81 84 91 95 99 
1 2 3 5 8 12 15 17 18 23 35 45 58 74 84 92 97 99 
1 2 3 4 6 9 10 12 15 24 32 39 49 64 73 80 92 95 97 99 
1 3 4 5 7 8 9 13 14 20 21 25 28 33 37 41 48 54 60 70 79 83 91 96 99 100 
1 2 3 8 9 11 16 23 32 40 55 68 80 95 98 
1 2 3 5 11 18 30 47 56 74 86 97 
1 2 3 4 5 8 10 14 20 30 39 49 60 69 80 92 99 
1 2 3 4 5 6 7 8 10 12 13 19 21 28 30 35 40 47 55 61 70 77 82 90 95 99 100 
1 2 5 6 10 13 19 21 25 32 34 42 50 59 67 79 88 94 100 
1 2 3 4 5 6 7 8 9 11 13 15 21 24 36 55 72 95 
1 3 4 6 9 10 11 12 14 22 36 45 60 67 75 86 96 100 
1 2 3 4 5 6 7 9 12 17 25 32 47 57 70 77 83 93 99 
1 2 3 4 5 6 7 8 9 10 11 12 13 14 17 19 21 26 30 33 42 55 64 85 95 97 
1 2 3 4 5 6 7 8 9 10 11 15 16 17 21 27 33 41 49 59 78 91 98 
1 2 4 5 8 13 22 33 41 59 75 88 96 
1 2 3 5 6 7 8 9 11 12 15 18 23 24 28 38 46 58 65 71 78 87 94 97 99 100 
2 4 6 11 15 20 35 54 79 91 
2 3 4 5 9 12 14 19 22 27 45 66 80 91 
1 2 3 4 5 7 8 9 12 13 14 15 16 17 20 22 25 28 32 33 36 38 43 45 49 50 54 55 58 60 63 68 75 78 81 84 91 92 97 98 99 100 
1 2 3 4 5 7 9 10 11 12 13 14 16 19 22 27 28 30 32 35 36 38 40 41 44 47 50 52 56 57 60 62 65 69 71 75 78 81 82 89 93 95 98 100 
1 2 3 4 5 9 14 16 20 33 44 52 70 85 95 98 
1 3 4 5 6 7 9 10 13 15 16 17 19 20 22 24 26 33 37 40 45 49 53 60 68 75 81 83 87 94 97 99 100 
3 4 5 6 9 12 18 28 36 46 57 72 83 95 99 
1 2 3 4 5 6 7 8 11 12 13 14 15 16 20 21 23 25 27 29 32 33 35 38 39 41 43 45 46 47 50 53 58 59 60 61 66 68 72 74 78 79 84 89 90 92 94 95 98 99 100 
1 2 5 8 14 22 36 49 60 76 91 97 
1 3 6 9 12 21 29 35 41 50 67 79 89 97 
1 2 5 6 7 10 14 17 20 25 31 36 50 62 73 85 94 99 
1 2 6 7 12 14 18 25 28 38 51 64 82 91 94 100 
1 2 3 4 6 10 13 19 22 32 40 47 61 76 86 94 97 
1 2 3 6 7 9 10 12 15 19 26 33 40 49 62 72 78 87 94 99 100 
1 2 3 4 6 7 8 9 13 16 21 28 34 43 51 59 68 80 91 96 100 
1 2 4 6 9 10 15 20 25 27 31 42 49 58 67 74 81 91 95 98 100 
1 2 3 4 5 6 7 9 10 11 16 20 22 25 29 35 42 51 59 69 80 87 92 97 99 
1 2 3 4 5 6 7 10 13 20 21 32 37 45 54 66 75 87 98 
1 2 3 4 6 11 12 14 15 23 33 41 52 56 65 72 82 91 96 99 
1 2 3 4 5 6 9 10 11 12 14 17 19 20 22 26 31 33 41 47 53 60 72 79 85 93 97 100 
1 2 3 4 5 7 13 20 28 38 53 73 85 96 
1 2 3 4 5 6 7 8 9 11 12 14 23 29 35 44 59 68 82 89 96 100 
1 2 3 4 5 7 8 9 10 11 12 13 15 16 17 18 19 21 26 29 32 38 50 53 59 66 73 79 83 88 91 94 97 100 
1 3 4 5 6 7 8 9 10 13 14 20 23 26 30 35 47 54 56 61 73 78 86 93 97 100 
1 2 3 4 5 6 7 8 9 10 11 13 14 15 17 22 23 26 28 30 36 41 45 47 53 59 66 68 75 83 90 94 97 98 100 
1 2 5 7 9 10 12 17 20 22 31 39 49 58 70 82 90 97 100 
1 3 8 10 18 27 42 61 82 92 
1 2 3 4 5 6 7 8 9 11 12 14 16 17 21 27 38 52 61 72 85 96 99 
1 2 3 4 5 6 7 10 12 14 15 19 22 32 45 51 65 81 89 98 100 
1 2 3 4 5 6 7 8 9 10 11 12 13 16 17 18 19 22 24 27 28 30 32 33 35 38 40 43 44 46 49 50 52 55 58 60 62 64 66 71 74 76 82 84 87 91 96 99 100 
1 2 3 4 5 6 7 8 9 10 13 15 20 21 25 33 42 46 58 70 77 89 95 100 
1 2 3 4 6 7 8 11 15 19 21 24 31 37 43 57 73 80 88 97 99 
1 2 3 5 6 9 10 12 14 16 19 25 29 37 46 54 70 76 90 97 
1 3 4 6 7 13 14 17 22 32 37 47 58 72 80 88 96 97 
1 2 3 4 5 7 9 10 11 12 13 14 15 17 18 21 22 24 29 34 36 38 40 42 43 46 48 51 57 62 68 72 77 80 83 87 90 91 92 93 95 97 99 100 
3 5 8 12 16 21 28 40 56 68 83 90 96 
1 2 3 7 8 10 12 13 14 15 18 21 24 29 36 41 47 53 59 66 80 89 95 98 
1 2 3 5 6 7 8 10 11 12 13 16 17 20 24 25 31 35 40 53 58 66 75 82 89 94 97 98 100 
1 2 3 4 6 8 10 12 14 16 17 21 24 28 30 31 36 42 51 69 75 80 85 90 94 97 100 
1 2 3 4 6 7 8 14 17 21 30 43 55 69 79 91 96 
1 2 3 4 5 7 9 11 12 14 16 22 31 42 52 64 76 88 97 
1 2 3 4 5 6 8 9 10 11 12 13 14 15 16 17 18 19 20 21 23 25 27 31 32 33 34 35 37 42 44 49 50 54 56 61 67 78 81 88 91 92 95 97 98 99 100 
1 2 3 4 5 10 16 19 21 28 35 40 47 54 60 68 77 86 88 93 96 98 100 
3 5 11 14 20 36 56 72 90 
1 2 3 4 5 6 7 9 12 14 19 24 25 28 47 66 75 88 96 
1 4 5 7 10 13 19 28 38 52 74 82 92 97 
1 2 3 5 7 10 15 20 37 52 67 80 89 98 
1 2 3 5 6 8 10 12 14 15 16 19 23 26 33 41 47 57 76 85 89 94 97 100 
1 2 3 4 5 6 7 8 12 13 17 22 25 29 36 42 47 56 65 72 78 82 91 96 98 99 100 
1 2 3 4 5 6 8 12 17 19 24 32 41 57 76 91 97 
1 2 3 4 6 8 14 18 25 40 50 59 69 88 93 99 
1 2 3 6 7 8 9 12 13 18 26 32 41 48 56 69 74 83 91 96 98 100 
1 2 3 4 5 6 7 8 9 11 12 14 18 22 28 39 51 70 86 94 
1 2 3 4 5 6 7 9 11 14 20 26 37 46 55 61 67 79 92 97 
1 2 3 5 6 7 8 10 11 13 16 21 25 33 39 45 55 64 72 87 93 98 99 
1 2 3 4 5 6 7 9 10 12 13 16 19 21 30 37 40 52 64 72 77 88 95 97 99 100 
1 3 4 8 11 15 19 27 34 38 46 60 69 79 86 97 100 
1 2 3 5 6 8 10 17 21 27 31 39 49 57 62 69 72 78 87 92 95 97 98 99 100 
1 2 3 4 6 9 12 15 19 26 38 48 63 78 88 96 99 
1 3 4 5 7 8 10 12 13 15 16 17 18 22 27 31 38 42 49 60 67 76 85 90 92 99 100 
1 2 3 4 5 10 13 22 25 33 43 48 57 66 81 89 94 99 
1 2 3 7 8 12 14 19 26 33 43 51 63 78 88 96 98 
1 2 3 5 6 8 9 10 11 12 13 14 18 22 29 37 48 51 64 73 78 89 95 97 100 
1 2 3 4 5 8 12 15 18 21 27 33 41 49 56 69 86 94 99 
1 2 3 4 5 7 14 24 35 50 66 84 95 
1 2 3 4 5 6 7 8 9 10 11 13 14 16 17 20 22 25 27 29 34 38 47 49 55 62 73 77 82 91 94 96 97 99 100 
1 3 5 6 8 14 18 19 20 24 37 46 60 69 80 90 99 
1 2 3 4 6 7 8 9 11 13 17 24 28 32 42 54 70 77 87 92 98 100 
1 2 3 4 5 6 7 8 9 13 14 17 18 20 21 24 30 35 39 44 54 57 65 71 80 88 91 95 98 100 
1 2 3 4 7 8 10 15 23 36 55 73 88 98 
1 3 4 7 11 17 21 27 40 53 62 75 85 92 98 
1 2 4 5 6 8 9 10 11 12 13 15 16 20 22 27 30 32 34 38 43 46 51 54 59 65 71 77 82 88 97 99 
1 2 3 4 5 6 7 8 10 11 14 16 20 23 25 29 38 39 49 61 67 75 85 90 97 100 
1 2 3 4 7 9 10 12 13 16 24 36 48 63 71 83 88 95 99 
2 3 5 7 8 10 12 13 15 16 17 20 25 26 30 34 37 46 54 60 63 70 76 82 89 95 98 100 
1 2 3 4 5 7 8 10 11 12 13 14 15 16 17 18 22 25 28 36 48 66 80 91 100 
1 2 3 5 9 10 15 20 24 31 43 59 65 73 85 89 97 
1 2 6 11 15 24 38 59 72 91 
1 2 6 9 12 18 22 30 38 47 59 73 78 82 92 96 100 
1 3 4 7 8 9 15 20 27 37 50 63 75 80 89 92 98 
1 2 3 4 5 7 8 10 12 15 19 22 38 44 53 64 70 79 93 97 
1 2 3 4 5 6 8 9 12 13 15 16 19 20 21 24 26 27 28 30 33 36 40 45 47 54 56 60 64 66 69 77 79 86 92 95 96 97 99 100 
1 2 3 6 7 9 11 13 16 21 27 32 37 47 53 63 75 82 89 97 
1 2 4 5 6 7 8 10 14 19 25 30 37 51 62 75 91 95 98 
1 4 5 8 10 12 16 19 33 42 63 81 96 
1 3 4 5 10 12 16 19 25 32 39 48 56 70 84 93 96 100 
1 2 3 4 5 10 14 18 28 43 64 83 95 
1 2 3 4 6 7 8 10 11 14 15 20 21 23 25 29 32 33 35 39 43 50 53 59 61 64 71 77 85 91 94 96 99 100 
1 3 4 5 6 9 10 11 12 13 16 21 23 26 27 29 30 32 38 43 49 58 63 70 72 74 78 85 87 91 98 100 
1 3 6 7 8 14 22 34 49 65 81 92 
1 3 4 5 7 8 12 18 26 34 54 79 94 
1 2 3 4 6 7 8 9 10 11 12 13 15 18 19 27 32 35 39 41 47 55 56 62 72 75 79 84 93 95 99 100 
1 2 3 6 7 10 13 24 34 45 60 76 96 99 100 
1 2 3 5 6 10 12 18 19 23 29 49 62 80 96 
1 2 4 5 6 8 9 11 17 20 23 32 38 50 61 73 85 98 
1 2 3 4 6 7 9 10 13 20 27 38 45 56 67 80 90 96 
1 2 3 4 6 11 24 45 61 82 91 
1 2 3 4 6 7 8 10 18 29 45 63 75 86 94 
1 2 3 4 5 6 8 10 12 17 18 24 28 34 40 47 59 70 79 89 95 99 
1 2 3 5 6 9 11 14 17 23 31 42 49 61 76 86 93 98 
1 2 3 4 6 7 8 9 10 11 12 13 17 21 28 32 42 48 56 67 78 87 91 99 100 
1 2 3 4 5 6 7 8 9 10 12 17 18 21 24 27 37 46 58 70 80 94 98 
1 2 3 4 5 6 7 9 11 12 16 20 23 26 32 47 53 62 72 80 89 96 98 99 100 
1 2 3 4 5 6 7 9 11 13 14 16 21 28 38 48 60 74 90 98 
1 2 3 7 13 14 18 20 26 39 54 66 82 93 99 
1 2 3 4 6 9 12 13 18 31 42 62 81 89 98 
1 2 4 5 6 7 9 11 12 13 17 20 23 24 29 33 38 44 51 64 69 76 80 85 91 95 99 100 
1 2 5 7 8 9 12 15 20 31 42 59 82 93 96 100 
1 2 3 6 8 13 14 18 21 27 37 43 46 56 60 65 79 87 94 98 99 
1 2 3 6 7 8 9 11 13 15 16 18 21 24 28 37 42 48 52 60 63 68 73 81 84 88 91 95 97 98 100 
1 2 3 5 6 7 8 9 12 19 30 36 44 53 65 81 88 93 98 
1 2 3 4 5 7 9 14 19 24 27 34 39 44 51 56 69 79 85 90 100 
1 2 3 4 5 6 9 11 17 25 31 41 58 68 78 87 92 98 
1 2 3 4 7 13 27 34 47 70 83 96 
1 2 3 4 6 7 9 11 16 20 21 25 28 33 41 46 53 64 69 78 86 92 96 97 98 100 
1 2 3 4 5 6 7 9 10 11 13 14 18 20 23 26 28 31 32 34 37 39 44 46 49 53 57 63 66 69 71 78 85 89 90 95 97 98 99 100 
1 2 3 4 5 6 8 9 10 11 13 14 15 17 19 22 25 26 32 37 44 53 62 69 82 85 92 95 99 
1 2 5 6 10 15 21 31 40 49 58 70 80 89 94 97 
1 5 9 12 14 18 19 20 25 28 36 43 53 64 74 82 92 98 99 
1 2 3 5 7 9 11 16 17 26 37 44 56 64 77 89 96 99 
2 4 7 9 13 15 17 21 25 29 35 44 54 66 85 91 95 99 100 
1 2 3 5 7 8 11 15 17 25 30 37 45 57 72 81 87 94 99 100 
1 2 3 4 5 6 11 14 17 18 24 28 32 35 43 54 64 65 75 82 91 92 96 99 100 
1 2 3 4 8 12 16 24 28 35 43 60 67 82 92 98 100 
1 2 3 4 5 7 8 12 16 24 36 49 65 84 98 
1 2 3 4 5 6 7 9 10 11 12 13 15 19 20 23 30 37 45 55 71 80 89 92 100 
2 3 7 10 12 14 27 37 45 49 59 69 84 89 95 98 99 
1 2 3 4 5 6 7 8 9 10 11 15 16 17 18 22 24 28 31 32 38 44 54 60 64 68 71 76 79 82 85 86 90 94 95 99 100 
1 2 3 4 5 7 9 10 12 14 15 19 20 26 30 34 40 50 59 65 78 85 91 96 97 98 99 
1 2 3 4 5 6 7 8 10 11 12 13 14 15 17 18 19 20 22 24 25 27 30 31 34 36 43 47 48 52 54 60 65 70 71 74 80 84 88 91 96 97 99 100 
1 4 8 15 27 45 53 66 82 90 99 
1 3 4 6 10 14 16 24 31 38 54 61 72 82 93 99 
1 2 3 4 5 6 7 8 9 10 12 14 15 17 18 20 25 29 33 37 46 53 61 68 72 76 77 82 89 91 97 98 100 
1 2 3 4 5 6 7 9 10 11 12 14 15 17 18 19 20 21 26 28 29 30 31 33 35 38 43 46 50 51 56 57 59 62 66 73 76 79 82 85 86 87 89 90 93 95 97 98 99 100 
1 2 3 5 7 8 9 10 12 19 23 24 29 35 39 42 46 51 53 58 61 65 68 72 77 79 83 91 96 97 100 
1 2 6 7 14 21 30 42 55 75 94 
1 2 3 5 6 14 22 30 37 52 64 71 85 95 99 
1 2 3 4 6 7 8 9 11 13 16 19 21 25 29 31 37 41 44 49 50 58 63 72 79 81 92 93 96 97 98 99 100 
2 3 6 13 14 22 32 48 67 84 98 
1 2 3 4 5 6 7 8 10 12 13 14 15 17 21 22 25 28 33 40 46 51 53 59 71 78 80 84 87 94 97 99 100 
1 2 3 5 6 7 9 10 12 15 16 17 19 21 24 26 27 30 34 42 44 50 57 63 72 78 88 94 95 99 100 
1 3 6 12 20 24 35 50 67 77 94 
1 2 3 5 8 9 11 12 17 21 29 34 40 46 51 57 68 75 85 90 96 99 100 
1 2 3 4 6 8 9 11 21 27 31 40 49 58 71 82 92 97 
1 2 4 6 13 18 29 37 45 57 71 82 89 95 99 100 
1 2 4 5 6 8 10 12 14 16 17 21 29 37 40 45 49 53 63 77 81 88 94 96 99 100 
1 2 3 4 6 7 8 12 15 18 23 30 38 44 45 50 58 70 74 88 92 99 
1 2 3 4 8 9 10 12 17 21 23 29 32 36 44 50 58 67 82 87 91 95 99 
1 2 3 4 5 6 7 12 18 22 33 37 48 59 69 81 91 97 99 100 
1 2 3 5 7 8 9 10 11 13 16 18 25 33 44 49 59 66 69 81 91 93 96 97 99 100 
1 3 5 7 9 14 17 21 25 40 53 59 72 85 98 
1 2 3 4 5 6 7 8 10 11 12 15 17 18 19 20 28 32 36 40 46 49 53 57 61 70 78 81 84 92 96 99 100 
1 2 3 6 9 11 13 15 23 27 37 49 60 79 90 99 
1 2 3 4 8 10 13 15 19 22 27 36 46 57 67 83 88 91 97 100 
1 2 3 4 10 20 33 46 59 71 88 100 
1 2 4 5 7 9 11 15 17 19 24 30 36 43 46 54 62 71 79 85 91 97 99 100 
1 2 4 5 11 14 20 24 30 42 51 65 83 95 
1 2 3 4 5 6 7 8 9 10 11 12 14 15 17 18 23 25 31 36 40 49 60 66 78 87 97 99 
1 3 5 8 10 11 12 13 16 20 22 25 27 29 31 32 34 37 39 42 45 49 50 55 57 61 65 66 69 70 75 80 83 86 87 89 90 92 93 95 96 97 98 100 
1 3 5 8 10 11 12 13 16 20 22 25 27 29 31 32 34 37 39 42 45 49 50 55 57 61 65 66 69 70 75 80 83 86 87 89 90 92 93 95 96 97 98 100 
1 2 3 4 5 7 9 10 14 18 19 23 28 32 39 42 48 57 63 69 77 89 96 99 
1 2 3 5 6 7 8 9 11 12 13 15 18 19 20 21 23 26 28 31 36 42 46 55 60 69 76 78 84 87 89 94 98 99 100 
1 2 3 4 5 6 7 8 9 10 13 14 17 18 22 26 29 32 33 41 49 54 65 71 75 80 84 88 91 94 97 98 100 
1 2 3 4 5 7 8 11 16 20 22 26 29 35 46 57 66 73 83 90 96 100 
1 2 3 4 5 6 8 12 13 14 15 18 23 25 29 32 35 41 47 51 58 68 79 90 95 100 
1 2 3 4 5 6 14 19 27 39 55 70 83 98 
2 3 4 7 12 21 35 57 76 91 
1 2 3 4 5 6 8 10 11 14 16 22 26 33 41 58 66 80 84 91 97 
1 2 3 4 5 6 7 8 9 10 12 13 16 17 18 26 34 43 50 62 72 83 95 
1 2 4 6 10 16 28 37 52 76 87 96 
1 2 3 7 8 13 14 15 19 28 33 45 60 69 80 90 96 100 
1 2 3 4 5 6 7 9 10 12 15 19 24 26 30 37 41 46 49 58 61 69 73 79 86 93 98 100 
1 2 5 7 8 10 15 20 30 42 56 69 90 98 
1 2 5 6 7 12 13 15 16 18 23 25 31 37 46 55 57 65 72 83 89 96 97 100 
1 2 3 4 6 7 10 12 16 17 20 25 33 47 57 72 90 95 
1 2 3 5 6 8 10 12 14 16 19 22 24 28 32 35 45 48 55 67 70 77 87 94 97 98 99 100 
1 2 3 4 5 6 8 10 17 19 26 29 39 48 61 71 79 88 95 100 
1 2 3 4 5 6 7 10 11 13 18 20 23 26 29 35 40 45 54 64 72 84 90 93 95 97 100 
1 2 3 4 5 6 7 9 10 11 13 16 17 21 26 29 38 44 49 57 68 76 79 86 92 96 98 100 
1 2 3 4 5 6 7 8 11 15 16 17 20 23 25 33 43 48 55 64 73 79 88 94 98 99 100 
1 2 3 5 8 10 14 17 22 30 39 47 57 66 75 84 89 93 98 99 100 
1 2 3 4 6 10 12 13 16 23 38 55 70 82 95 100 
1 2 3 4 6 7 10 15 26 45 73 95 
1 2 4 6 8 15 19 31 39 52 71 83 94 
2 3 8 11 12 13 20 30 37 43 58 70 82 97 100 
1 2 3 4 6 8 12 20 21 23 27 32 46 57 69 80 90 98 
1 2 3 4 5 6 7 8 11 17 26 36 47 60 68 78 87 97 99 
1 2 3 5 7 8 10 13 14 15 17 18 22 24 27 31 36 39 42 44 53 57 61 66 67 71 74 82 89 91 93 94 98 99 100 
1 2 4 5 7 17 21 31 44 63 73 87 98 
1 2 3 6 8 9 17 24 43 66 87 
1 2 3 4 5 6 8 9 10 11 12 15 19 22 26 29 32 39 45 52 63 70 75 84 91 99 
1 2 6 7 11 15 18 28 37 50 64 78 87 94 99 100 
1 5 6 10 12 20 22 25 37 43 53 64 77 88 95 97 
1 2 3 4 5 11 19 34 44 56 65 81 91 98 
1 3 4 6 7 8 9 10 12 14 16 19 21 23 26 35 40 47 52 59 71 75 87 93 96 98 
1 2 3 4 5 6 7 9 10 12 16 21 25 30 38 45 52 61 66 76 88 93 94 99 
1 2 3 4 5 7 8 9 10 14 15 17 21 22 28 36 41 44 52 62 70 79 88 95 99 100 
1 2 3 4 6 7 8 9 10 11 12 13 14 15 19 20 21 25 27 28 30 31 34 35 36 43 44 49 51 56 58 59 63 65 71 78 85 88 94 97 99 100 
1 2 3 4 5 8 12 15 22 30 37 42 51 58 65 74 83 91 97 99 
1 2 4 5 7 8 9 11 12 13 17 21 24 27 39 43 53 62 72 79 89 94 96 98 
1 2 3 4 5 6 7 10 11 12 15 16 22 24 26 31 38 46 48 53 58 69 74 80 85 90 96 98 99 100 
1 2 3 4 5 6 8 10 15 17 29 37 55 74 89 95 
1 2 3 4 5 6 7 8 10 11 14 16 19 21 24 25 27 38 41 45 51 57 63 67 70 75 81 86 92 96 98 100 
1 2 3 7 13 19 29 36 55 71 89 96 
1 2 3 4 5 8 9 11 16 20 23 31 32 40 47 58 63 71 81 89 94 97 100 
1 2 3 4 8 10 13 14 18 22 35 47 54 66 74 91 97 
4 6 7 8 9 14 22 25 34 42 50 64 77 86 91 96 98 
1 2 4 6 8 11 19 24 35 43 55 71 81 92 99 
1 2 3 5 6 7 8 9 10 11 12 14 15 17 22 25 26 29 32 33 36 39 41 43 49 57 61 68 74 81 87 96 98 99 100 
1 2 3 4 7 9 10 13 14 22 26 30 35 39 49 60 68 74 83 88 92 96 98 
1 2 4 7 9 11 12 16 20 29 39 50 59 75 84 95 100 
1 2 3 4 5 6 7 8 9 10 11 13 14 16 19 20 26 30 34 38 45 52 56 60 70 81 87 97 100 
1 2 3 4 5 7 9 10 16 21 30 44 58 73 88 98 
1 3 4 5 7 13 17 24 36 42 47 64 77 86 98 
1 2 3 4 5 6 7 8 9 12 17 19 20 24 26 31 35 43 48 54 62 69 77 84 92 99 100 
1 2 3 6 7 14 19 32 50 73 92 
1 2 3 4 5 8 9 13 16 20 30 36 48 56 68 82 89 96 
1 4 6 7 9 10 12 14 17 19 22 27 31 32 39 45 49 55 63 72 78 81 87 91 96 98 100 
1 2 4 5 7 10 16 26 32 39 52 67 74 91 97 
1 2 3 4 5 6 7 8 9 11 12 14 17 18 20 23 24 27 28 37 42 53 60 63 75 82 86 90 93 98 99 100 
1 3 4 5 6 7 8 10 13 17 20 23 26 28 36 42 48 52 59 64 75 84 92 94 97 98 99 100 
1 2 3 4 5 9 14 24 34 44 63 80 95 99 
1 3 4 11 16 19 25 37 45 54 66 78 92 99 
1 2 4 5 7 12 17 18 21 31 44 54 65 76 83 90 95 97 99 100 
1 2 3 4 6 8 10 11 13 14 15 17 20 21 25 28 31 33 34 35 38 40 43 46 49 51 54 57 59 63 66 70 75 78 81 83 87 88 89 90 93 94 97 99 100 
1 2 3 4 5 6 8 9 10 12 13 15 17 21 28 37 44 56 67 84 91 97 100 
1 2 3 4 6 7 8 10 12 15 23 32 43 53 63 73 82 94 98 
1 2 3 4 6 7 10 11 14 17 20 25 30 40 47 61 68 76 86 90 97 100 
1 2 3 4 5 6 7 8 9 10 11 12 13 14 15 17 18 19 22 25 28 31 33 36 37 44 47 58 63 71 80 87 94 99 100 
1 2 3 4 7 10 14 17 24 28 31 42 59 75 86 98 
1 2 3 4 6 7 8 9 10 12 13 14 15 17 18 19 20 23 25 27 28 30 31 34 36 44 48 53 64 71 74 86 91 96 99 100 
1 2 3 4 5 7 8 9 10 11 15 21 25 26 28 30 31 37 38 44 50 52 60 67 72 79 84 88 89 93 95 98 99 100 
1 2 3 4 6 8 10 13 16 20 23 30 32 41 54 64 76 91 96 100 
1 2 3 4 5 7 9 17 20 31 41 55 72 90 98 
1 2 3 4 5 6 7 8 9 10 12 13 14 15 16 17 18 19 20 21 22 23 24 25 26 27 28 29 31 32 34 36 41 45 47 48 49 51 55 58 63 70 72 78 81 82 84 86 90 93 95 97 98 99 100 
1 2 3 4 5 6 7 8 9 10 11 12 13 14 15 16 19 22 23 25 26 28 29 30 31 32 34 36 39 43 49 54 57 64 69 77 83 87 94 96 98 99 100 
1 2 3 4 5 6 7 8 9 10 11 13 14 15 17 18 21 24 25 29 30 34 38 40 44 45 52 59 65 68 74 81 84 86 88 92 96 98 100 
1 2 3 4 5 6 7 9 12 15 18 23 30 34 41 56 69 81 93 97 
1 2 3 4 5 6 9 11 13 14 17 19 22 26 29 34 37 45 50 55 59 67 75 81 89 93 97 99 100 
1 2 3 4 7 9 10 11 14 16 18 25 34 40 43 52 61 86 96 99 
1 2 3 5 6 7 8 9 12 14 16 17 21 22 26 30 36 37 42 48 57 62 66 72 76 81 91 95 96 98 100 
1 2 3 4 6 7 10 11 15 16 18 19 22 25 28 30 36 42 45 52 65 69 78 84 90 95 98 99 100 
1 2 4 7 11 12 17 20 25 30 38 44 53 60 67 75 79 83 88 92 96 98 100 
1 3 4 5 9 17 30 47 79 90 
1 2 3 7 8 11 14 15 19 24 28 34 39 47 57 74 81 88 93 95 99 100 
1 2 3 4 7 9 13 19 23 29 38 46 51 61 74 84 93 100 
1 2 4 5 7 8 10 11 13 17 18 21 28 33 35 38 50 55 63 73 84 89 93 95 99 
1 2 3 4 6 8 10 11 13 14 15 18 24 31 35 42 48 54 68 78 84 90 94 98 
1 2 3 5 8 12 20 26 35 44 60 70 86 98 99 
1 2 3 4 5 6 8 9 13 16 21 31 43 52 59 71 83 89 98 
1 2 3 5 6 9 11 15 19 21 25 28 34 48 58 70 81 89 97 100 
1 2 3 4 6 7 9 11 12 16 18 23 30 38 45 58 68 79 89 92 98 
1 2 3 5 6 7 8 11 13 20 36 45 58 69 85 94 98 
1 2 3 4 5 7 15 19 24 26 32 38 45 61 76 91 96 100 
1 3 6 7 8 10 11 15 17 22 30 35 41 51 60 76 82 91 96 98 100 
1 3 5 6 7 8 9 11 13 14 16 22 25 28 34 40 48 54 63 76 85 93 99 
1 2 3 4 5 6 7 13 15 22 29 37 42 52 62 73 77 88 94 97 
1 2 3 4 5 6 8 11 13 17 20 26 28 33 36 47 54 65 81 85 92 98 100 
1 2 3 4 5 6 7 9 11 12 16 18 20 28 33 40 47 58 68 77 87 94 99 100 
1 2 3 4 5 6 7 9 10 11 13 14 15 17 18 19 21 22 23 25 28 31 36 37 41 42 43 46 49 52 53 55 57 60 63 65 69 72 75 77 78 82 86 89 91 95 96 99 100 
1 2 3 4 6 7 8 10 11 14 16 20 23 32 44 51 61 74 85 91 96 99 100 
1 2 3 4 5 8 11 14 19 26 34 46 57 75 90 97 
1 2 3 4 5 6 7 8 9 10 12 13 16 22 24 26 32 41 49 58 70 76 81 94 99 
1 2 3 4 5 6 8 9 11 12 13 14 15 17 21 22 25 27 34 36 40 44 52 64 74 81 86 92 98 100 
1 2 3 4 5 6 7 8 9 12 14 17 19 23 28 33 45 55 68 77 87 96 99 100 
1 2 3 4 5 6 7 8 9 10 11 12 13 14 15 16 17 18 19 22 23 25 27 30 33 34 36 41 44 50 51 58 68 72 80 86 91 93 95 99 100 
1 2 3 4 5 6 7 8 14 16 24 26 32 38 40 42 56 61 68 72 78 84 90 97 98 99 100 
1 2 3 4 5 6 7 8 9 10 11 12 13 14 15 16 17 18 19 21 23 24 25 27 30 31 32 34 35 38 39 43 47 50 54 59 63 68 76 80 84 89 92 99 100 
1 2 3 4 5 9 10 12 13 14 17 19 26 32 36 43 55 62 73 84 90 94 98 99 
1 2 3 4 5 6 8 9 15 20 22 24 28 36 41 47 55 58 61 69 76 83 94 96 98 99 100 
1 2 3 4 5 7 8 10 13 18 24 30 39 53 77 89 99 
2 3 4 5 6 8 14 18 22 30 35 41 56 68 73 82 91 98 
1 4 6 7 13 20 26 31 45 62 77 83 92 97 
1 2 4 7 8 10 11 14 24 29 43 57 70 88 93 96 
1 2 3 5 6 7 8 9 10 12 13 15 18 21 23 26 27 29 31 33 35 37 45 49 57 59 63 68 75 78 81 85 90 100 
1 2 3 4 6 7 9 11 12 14 15 16 21 23 27 28 30 34 41 43 48 53 60 62 65 67 71 73 78 82 87 88 91 96 97 98 100 
1 2 3 6 7 11 12 13 16 30 37 42 56 65 74 83 93 97 100 
1 2 3 5 8 9 10 16 19 23 33 43 53 57 72 83 91 97 
1 4 7 13 18 27 34 50 66 81 95 
1 4 6 8 10 16 23 33 42 58 72 82 96 
1 2 5 7 8 10 14 18 22 25 31 38 43 55 58 67 72 80 85 92 96 98 99 100 
1 2 3 6 7 11 13 21 25 29 37 52 69 75 86 97 
1 2 3 4 7 9 14 22 26 31 40 52 62 82 94 96 
1 2 7 10 13 22 33 52 67 82 95 
1 2 3 5 7 8 9 10 12 15 20 22 31 40 47 51 59 66 72 79 84 89 93 96 99 100 
1 3 5 8 9 10 12 20 24 27 39 48 59 73 83 91 95 
2 8 11 16 27 41 61 73 84 94 
1 2 4 6 9 18 25 30 45 53 68 79 93 
1 2 3 4 5 6 7 8 9 11 14 17 20 27 36 46 51 59 62 72 78 84 86 95 97 100 
1 2 3 5 6 9 11 19 24 32 48 59 75 86 95 99 
1 2 3 5 8 9 12 13 16 22 24 27 30 37 40 51 63 71 79 84 88 95 99 100 
1 2 3 4 5 6 7 8 9 10 11 12 13 14 15 16 17 18 19 20 21 23 24 26 27 28 29 31 32 34 35 36 38 39 40 43 45 46 48 50 52 53 55 57 60 62 64 65 66 69 72 74 75 76 77 78 80 81 84 87 88 91 93 94 96 98 99 100 
1 2 3 4 5 6 8 9 10 11 12 13 16 17 18 21 25 31 45 56 68 83 90 99 
1 2 3 4 5 6 7 11 16 18 24 31 38 42 47 59 72 84 89 93 97 100 
1 2 3 4 5 6 7 8 10 11 12 14 18 20 27 33 39 47 57 72 85 91 95 100 
1 2 3 4 5 6 7 8 9 10 13 15 19 21 22 23 25 31 33 38 43 44 47 49 53 59 68 72 78 83 88 91 96 98 99 100 
1 2 3 4 6 7 11 12 18 20 23 30 37 49 59 76 84 90 98 99 
1 2 3 4 5 6 9 11 12 19 23 31 47 54 67 80 91 94 97 
1 2 3 4 5 6 7 8 9 10 11 13 16 18 22 23 25 28 32 35 39 48 52 55 59 66 74 81 87 89 92 96 97 100 
1 2 6 7 8 9 10 11 12 13 14 15 17 19 22 24 25 26 27 32 33 34 35 36 38 42 44 46 48 51 52 55 59 63 64 67 68 70 71 72 77 81 85 87 88 91 93 94 96 98 100 
1 2 3 6 7 13 15 21 28 33 46 60 71 85 94 99 
1 2 3 4 5 6 7 11 13 14 19 27 35 41 61 73 87 92 99 
1 2 3 4 5 6 7 13 18 23 33 38 49 66 79 92 97 100 
1 2 4 5 10 11 17 22 29 40 56 70 81 91 
1 2 3 4 5 6 8 9 11 14 20 24 36 46 54 70 78 87 93 96 
1 2 5 6 7 8 9 10 11 13 14 17 18 19 20 23 27 28 29 30 34 41 45 48 51 56 62 63 66 72 77 80 85 89 91 95 96 97 98 100 
1 2 3 6 8 9 12 15 19 24 27 35 49 57 61 79 83 90 95 99 
1 2 3 4 5 6 7 10 12 13 14 18 19 21 24 28 32 44 52 59 66 72 78 85 87 96 99 100 
1 2 3 6 7 9 11 13 16 20 32 43 54 62 69 79 91 95 99 
1 2 3 4 5 6 7 9 10 11 13 16 22 32 35 41 50 62 69 82 92 96 99 
1 2 3 5 7 11 13 20 26 30 36 40 48 56 60 65 75 85 90 95 99 100 
1 2 3 4 6 12 16 29 46 65 82 94 
1 2 3 4 7 22 30 44 54 70 86 96 
1 2 3 4 6 7 12 13 16 19 29 38 49 57 63 76 81 91 98 100 
1 2 3 4 6 7 9 12 14 16 17 20 24 34 39 47 59 75 89 97 100 
1 5 7 10 15 27 47 64 82 97 
1 2 3 4 5 6 7 8 9 11 12 13 15 16 20 23 27 29 32 38 42 49 56 60 65 69 75 82 89 92 97 100 
1 2 3 4 5 6 7 8 10 11 15 16 18 19 24 28 34 40 48 53 57 74 80 92 96 99 
1 2 5 6 9 11 14 19 25 31 45 65 77 90 96 
1 2 3 4 5 6 7 9 10 11 12 15 17 21 22 29 34 38 50 62 74 77 93 97 99 
1 2 3 4 5 6 7 8 9 10 12 14 17 18 19 20 23 25 30 35 41 49 53 62 67 76 85 91 97 99 
1 2 3 7 11 19 23 31 45 56 69 82 96 98 
1 2 3 4 5 6 7 9 13 18 22 31 41 50 61 75 87 93 98 
1 2 4 13 25 45 61 81 93 
1 3 4 6 7 10 12 21 23 38 53 60 68 80 86 95 99 
1 3 4 6 9 17 25 35 45 58 76 91 100 
1 2 3 4 6 7 10 14 25 36 48 61 78 89 100 
1 3 7 9 11 16 22 29 36 48 57 64 76 85 92 98 
1 2 4 5 6 8 9 10 11 14 17 22 24 29 31 35 42 49 56 62 66 71 76 81 86 88 90 95 97 100 
1 2 3 4 6 8 10 11 12 17 18 21 22 27 31 37 41 46 51 60 68 78 82 89 94 97 98 99 100 
1 2 3 4 5 6 7 9 10 14 19 32 43 50 63 79 92 97 
1 3 4 8 13 15 22 34 49 67 80 88 95 
1 2 3 5 6 7 8 9 10 11 12 16 18 22 28 40 50 63 73 87 97 
1 2 4 5 9 12 20 28 36 48 55 64 67 74 89 95 99 
1 2 3 5 7 9 10 14 17 19 24 28 34 41 50 61 73 83 90 94 97 100 
1 2 3 5 6 7 8 10 12 13 14 17 20 25 32 44 58 68 76 86 97 99 
1 2 3 6 8 10 15 22 24 26 32 36 45 56 64 75 84 88 92 93 98 99 100 
1 2 3 4 5 6 7 8 9 10 12 15 17 19 20 22 28 33 36 42 52 63 77 80 90 95 99 100 
1 2 3 4 5 6 7 9 17 23 32 42 57 74 85 93 99 
1 2 3 4 5 6 7 8 9 10 12 14 15 18 26 35 40 49 58 66 79 83 90 98 
1 2 3 4 5 6 7 9 13 18 28 33 41 53 68 77 92 98 
1 2 4 6 8 14 19 30 42 66 79 87 99 
1 2 3 4 5 6 8 9 13 20 28 34 42 50 58 72 80 91 96 99 
1 4 8 10 14 18 22 25 34 45 56 68 79 88 94 99 
1 2 3 4 5 6 7 8 9 11 12 16 17 19 21 23 24 27 28 32 34 37 40 44 47 50 51 55 59 68 75 79 84 86 90 93 96 97 98 100 
1 2 5 6 7 8 10 12 23 30 42 55 66 79 93 98 
1 2 3 4 5 7 8 9 10 11 15 17 20 23 26 28 31 35 43 49 58 68 76 80 86 91 95 98 100 
1 2 3 4 5 6 7 8 10 11 12 14 16 17 19 22 23 24 25 26 28 30 33 37 43 46 54 57 62 66 69 77 86 91 95 97 99 
1 2 3 4 5 7 8 9 10 14 16 21 26 28 33 42 48 59 64 72 73 82 87 92 97 99 100 
1 3 5 11 13 15 20 22 28 36 43 57 75 92 96 98 
1 2 3 6 8 10 15 19 26 43 56 65 79 93 98 
1 2 3 4 5 6 7 8 9 11 12 14 17 18 23 27 31 35 38 43 45 49 54 59 66 75 79 82 89 94 98 100 
1 2 3 5 6 8 11 12 17 22 28 34 41 50 60 71 82 89 92 97 100 
1 2 3 4 5 6 7 8 9 13 14 15 16 17 20 21 22 24 25 29 32 33 34 40 41 43 45 50 51 53 54 58 62 65 69 72 74 81 83 88 89 90 92 93 95 97 98 100 
1 2 4 5 8 11 15 28 37 50 67 85 92 
1 2 5 9 12 16 20 32 43 51 68 87 97 
1 3 4 5 6 9 11 16 21 31 38 48 64 76 88 95 98 
1 2 4 5 6 7 9 13 14 16 20 25 27 30 35 38 45 51 52 56 65 67 72 77 86 92 96 97 99 100 
1 2 3 4 5 6 9 10 12 14 17 23 31 40 55 63 73 88 96 100 
1 2 4 6 10 12 14 20 22 29 42 52 60 75 85 94 99 100 
1 2 3 4 6 9 13 15 24 29 44 55 67 82 91 97 
1 2 4 7 11 19 32 53 74 96 
1 2 3 4 6 8 11 17 21 27 39 57 72 82 95 
1 2 3 4 6 7 8 9 10 12 13 14 16 19 21 22 23 25 28 30 35 43 50 55 59 65 73 78 83 92 98 99 
1 2 3 5 6 9 11 12 13 15 17 18 21 22 24 29 31 32 36 39 42 44 49 53 57 59 60 62 67 70 75 78 80 82 87 89 91 93 97 99 100 
1 2 3 4 5 7 9 10 14 15 19 21 25 29 35 41 46 51 54 57 66 72 75 81 85 91 93 96 97 98 100 
1 2 3 4 6 11 18 23 29 38 46 57 69 79 88 90 99 
1 2 3 4 5 6 7 8 9 11 12 13 15 16 18 20 23 25 33 34 36 39 42 49 54 65 68 71 80 86 92 95 97 100 
1 2 3 7 9 11 14 17 24 32 40 53 59 70 85 92 97 
1 2 3 4 5 7 8 9 10 11 12 13 14 15 16 17 18 20 25 28 32 41 50 58 78 87 94 
1 2 3 4 5 6 7 9 11 13 16 20 25 34 46 60 75 83 93 97 
1 2 3 4 5 6 7 8 9 10 11 12 13 14 15 16 18 20 26 27 33 42 45 50 56 61 69 73 80 84 87 93 96 98 99 100 
1 2 3 4 5 6 7 8 9 10 12 16 18 28 35 49 62 80 95 
1 2 3 4 5 6 7 8 9 10 11 13 14 15 19 21 25 28 35 40 50 60 68 76 80 86 90 95 98 100 
1 2 3 4 5 6 7 9 10 13 16 20 26 31 36 45 55 62 75 88 96 97 100 
1 2 3 4 5 6 11 14 18 28 41 56 77 89 
1 2 3 4 5 6 7 8 10 11 12 13 14 15 16 17 18 19 21 22 25 26 31 39 50 63 82 90 97 
1 2 3 4 5 6 7 8 9 10 11 15 21 27 33 42 58 75 87 
1 2 6 9 16 24 38 56 78 92 
1 2 3 4 6 8 12 18 32 58 76 92 
1 2 3 5 7 11 21 39 66 89 93 
1 2 3 4 5 6 7 8 9 11 16 19 20 25 34 39 47 52 63 72 75 78 89 94 96 98 99 100 
1 2 3 6 11 19 26 34 46 53 71 72 83 92 98 100 
1 2 3 7 14 23 28 37 49 67 80 89 94 100 
1 2 3 4 5 6 7 8 9 12 14 19 25 30 38 42 52 63 75 85 90 95 100 
1 2 3 4 5 6 9 10 11 13 14 17 24 31 39 50 66 77 90 96 99 
2 3 4 6 7 10 13 21 30 41 51 57 68 87 97 
1 2 3 4 5 7 9 14 17 23 33 43 58 70 92 98 
1 2 3 4 5 8 11 13 15 18 22 30 35 42 53 68 78 87 96 99 
1 2 3 4 5 6 8 9 10 11 13 15 16 18 23 29 31 36 42 52 60 68 74 88 93 98 99 
1 2 3 4 5 6 7 8 9 10 11 12 14 16 17 18 19 20 21 22 23 24 25 27 28 31 34 37 40 44 51 58 64 70 77 85 90 93 97 99 
1 2 3 6 7 8 10 11 12 13 15 16 18 21 25 26 34 42 54 63 69 81 87 97 100 
1 2 4 6 15 22 28 41 46 60 75 85 95 
1 2 3 4 5 9 13 14 19 22 28 39 46 58 68 74 81 87 94 99 
1 2 3 4 6 7 8 9 11 13 14 17 21 27 31 36 43 49 55 57 65 74 78 84 87 93 94 97 100 
1 2 3 4 5 9 14 15 18 22 26 33 43 48 54 62 71 80 84 93 96 99 100 
1 2 3 4 6 7 9 11 12 14 17 21 28 34 42 50 57 65 74 80 87 90 98 99 100 
1 2 6 8 14 26 39 49 62 74 84 94 99 
1 2 3 4 6 7 8 9 10 11 12 16 20 22 23 28 31 36 39 42 43 50 53 55 61 67 73 79 87 92 96 98 99 100 
1 3 5 6 8 11 14 15 19 25 33 35 45 50 57 69 81 93 100 
2 5 7 9 12 16 20 23 29 38 51 66 78 86 93 99 
2 5 6 7 8 10 14 20 33 41 59 67 81 90 99 
1 2 3 4 7 8 9 10 11 13 14 16 18 20 23 29 36 42 47 52 59 69 76 81 88 92 93 99 100 
1 2 3 4 6 8 10 14 15 25 30 35 45 57 62 72 88 97 100 
1 2 3 4 5 7 8 9 11 14 19 26 32 38 53 64 72 84 91 100 
1 2 3 7 11 16 22 31 39 48 57 68 78 86 94 98 100 
1 2 3 7 9 10 12 15 19 25 30 37 40 43 51 61 70 77 87 91 93 94 97 100 
1 2 3 5 9 14 26 42 63 83 95 
1 2 3 7 8 10 17 24 31 42 55 63 72 81 89 99 
1 2 4 5 6 8 11 12 13 19 23 26 29 31 34 38 42 48 57 63 80 85 88 94 97 98 99 100 
1 2 3 7 10 11 16 19 22 26 32 39 57 70 87 94 
1 2 3 4 5 6 7 10 12 14 18 19 25 30 41 51 65 79 89 96 
1 2 3 4 7 12 18 23 37 53 69 84 96 
1 2 3 4 9 11 13 15 16 19 23 29 35 39 48 58 75 82 87 96 98 
1 2 3 4 5 8 11 13 17 21 25 27 32 37 46 48 64 73 81 88 92 97 99 100 
1 2 3 4 5 6 7 8 9 11 12 13 17 20 25 31 37 48 53 63 74 84 91 100 
1 2 3 4 5 6 7 8 9 10 13 16 19 25 30 33 38 46 52 61 68 75 85 89 95 98 99 100 
1 3 4 6 11 12 20 29 39 47 62 74 85 92 98 100 
1 2 3 4 5 6 12 14 17 23 29 44 53 64 72 84 94 98 
1 2 5 8 10 13 19 23 30 39 46 67 70 80 91 97 100 
1 3 4 5 8 13 27 53 78 95 
1 2 3 4 5 6 7 8 9 10 11 12 13 14 15 16 17 18 19 21 25 27 28 29 30 31 33 35 38 41 42 45 46 48 49 51 53 54 55 56 57 58 61 62 63 64 66 67 69 71 75 76 79 82 84 85 86 87 89 90 92 93 94 95 97 98 99 100 
1 2 3 7 8 9 10 11 13 14 17 19 20 26 29 36 41 50 57 66 70 76 82 88 90 94 96 100 
1 2 3 4 5 6 7 9 11 12 13 14 15 17 18 19 23 25 26 28 31 33 35 44 50 53 60 67 69 77 87 93 96 98 99 100 
1 2 3 5 6 7 8 9 10 12 15 18 20 23 29 35 51 66 75 83 93 98 99 
1 2 3 4 5 6 11 12 13 16 20 25 30 40 59 81 93 98 
1 2 3 5 6 7 8 11 14 15 17 21 27 37 46 53 65 74 79 92 97 99 
1 2 3 4 6 8 9 11 14 17 22 24 26 28 30 32 33 38 41 47 57 67 72 76 82 86 91 92 96 97 99 100 
1 2 5 7 15 28 45 53 82 96 
1 2 3 7 9 12 17 26 41 55 72 77 91 96 
1 2 4 5 7 9 10 11 16 18 21 23 31 42 52 57 69 79 91 95 98 99 
1 2 3 4 5 7 11 15 20 29 34 48 57 75 85 98 100 
1 2 4 5 6 7 11 13 15 16 17 20 22 23 26 28 33 35 41 43 49 56 61 68 75 80 83 89 94 96 98 100 
1 2 6 9 11 15 17 20 24 28 34 39 50 61 68 74 83 91 96 100 
1 2 3 5 6 7 8 9 10 11 15 16 20 23 29 31 34 38 39 42 47 53 57 63 65 69 73 75 80 82 86 91 94 98 99 100 
1 2 3 6 7 9 10 11 13 14 15 19 26 34 40 48 50 60 68 86 90 96 99 
1 2 3 5 7 8 11 13 18 22 26 29 32 39 43 51 54 66 78 86 94 97 98 99 
1 3 4 5 6 8 9 10 13 16 18 24 26 28 31 36 41 47 55 66 79 85 89 94 96 98 99 100 
1 2 3 4 7 9 11 15 18 20 26 30 35 46 52 66 75 83 88 95 99 
1 2 3 6 9 13 21 28 33 41 50 66 77 89 95 
1 3 4 6 7 10 15 18 25 32 39 54 72 82 92 98 
1 2 3 4 5 7 9 13 25 31 37 47 53 66 82 89 97 
2 3 5 7 8 10 12 13 14 18 21 25 30 34 40 46 50 60 67 76 85 94 97 100 
1 2 3 4 5 8 9 11 13 17 24 30 37 46 53 58 70 79 88 91 97 98 
1 2 3 4 5 6 7 8 10 11 13 15 18 19 21 24 26 29 39 42 49 56 59 68 77 81 89 92 95 99 100 
1 2 3 4 5 7 8 10 13 20 27 38 44 57 69 81 87 92 98 
1 2 3 5 6 8 12 18 23 29 33 39 58 73 82 91 95 99 
1 2 3 4 5 6 7 8 9 10 12 13 14 17 20 24 36 41 52 61 80 94 
1 2 3 4 5 6 7 8 9 10 11 12 13 14 16 18 19 22 29 33 36 42 49 57 64 70 74 85 88 89 92 94 99 100 
2 3 4 5 6 8 10 13 20 31 40 53 72 91 96 
1 3 4 8 11 14 22 29 35 42 51 66 81 86 94 99 100 
1 2 3 4 8 21 24 30 33 38 49 57 65 74 80 89 95 97 100 
1 2 3 5 6 7 8 11 16 20 22 26 32 39 49 52 68 75 91 97 98 99 100 
1 2 3 4 8 9 14 18 26 30 36 47 57 75 86 93 99 
1 2 3 4 5 6 8 15 24 39 56 69 87 96 
1 3 6 7 12 18 30 47 68 86 97 
1 2 4 5 6 9 14 15 20 21 22 29 37 50 62 74 86 93 97 99 
1 3 4 6 10 16 22 33 39 48 59 69 82 90 96 100 
1 2 3 4 5 6 7 8 9 10 12 15 19 23 27 36 54 69 85 94 
1 2 3 5 6 7 8 10 13 15 19 23 24 29 31 38 46 55 68 78 83 93 94 98 
1 2 3 4 5 6 10 11 13 19 28 33 42 54 68 83 95 
1 2 4 6 7 10 12 15 20 28 37 50 66 85 95 
1 2 4 5 7 8 10 13 19 30 34 44 56 65 78 91 98 100 
1 2 3 4 6 8 10 11 12 17 19 20 22 27 33 40 48 58 64 72 76 81 84 89 94 97 98 100 
1 2 3 4 5 6 8 9 13 19 22 25 35 43 47 52 61 70 80 85 97 100 
1 2 3 5 7 8 11 12 14 18 21 24 26 38 43 48 55 61 65 71 75 81 85 89 92 96 97 98 100 
1 2 3 4 5 6 7 8 10 11 12 15 16 17 19 22 24 26 29 34 38 40 44 50 55 61 68 76 82 84 88 92 95 97 99 100 
1 2 3 7 10 12 18 26 40 57 78 90 94 
3 6 9 17 35 51 62 85 97 
1 3 4 6 8 12 15 23 34 48 68 82 94 98 
1 2 3 4 5 7 8 9 12 13 18 19 23 28 31 34 36 41 47 52 54 58 61 65 66 72 78 83 86 89 93 97 98 99 100 
1 2 3 4 5 7 8 9 10 12 14 16 20 22 24 25 27 34 43 46 51 61 67 74 81 87 89 94 95 97 100 
1 2 3 4 5 8 10 11 14 15 17 18 23 28 35 40 47 48 56 60 68 73 83 91 96 99 100 
1 2 3 4 5 7 8 11 12 16 20 25 36 43 58 71 82 93 99 
1 3 5 7 10 14 18 22 27 33 43 53 65 79 86 92 96 100 
1 2 3 4 5 9 14 15 18 26 33 35 40 48 54 58 66 71 84 90 98 99 100 
1 3 4 7 9 12 16 24 37 42 64 73 89 96 
1 2 3 4 8 9 14 18 22 28 37 41 58 69 80 85 95 99 
1 2 3 6 9 11 13 16 20 23 29 35 45 56 63 73 82 91 95 98 100 
1 2 3 4 5 6 9 10 12 15 20 23 35 46 59 67 81 88 98 
1 2 3 4 5 7 8 9 10 11 13 14 19 20 22 23 25 30 32 40 42 48 55 62 68 74 76 83 88 91 93 97 98 99 100 
2 3 4 5 7 8 11 14 17 20 24 27 30 34 37 40 46 51 56 60 65 68 72 76 79 81 83 86 93 97 98 99 100 
1 2 4 6 8 9 10 11 14 17 19 21 24 26 29 35 40 43 46 49 51 56 58 65 70 76 79 81 84 87 89 92 94 97 98 100 
1 2 3 7 8 12 20 25 26 41 50 61 74 84 91 95 99 
1 2 3 4 8 16 26 35 41 53 65 77 90 99 
1 2 4 5 8 11 15 19 29 41 54 73 82 88 97 
1 2 3 5 8 9 12 15 22 30 41 58 74 84 95 
2 3 8 10 15 17 23 31 45 60 77 88 97 
1 3 5 6 8 9 10 14 16 26 39 50 65 77 86 95 99 
1 2 3 4 5 7 13 15 17 20 21 26 34 46 56 64 78 86 92 97 99 
1 2 3 5 7 10 11 13 15 19 22 24 29 38 44 53 64 75 83 90 97 99 100 
1 3 5 6 7 9 13 16 19 22 27 37 47 69 73 85 93 97 99 100 
1 2 3 4 5 7 8 10 15 16 17 18 19 20 24 27 30 39 47 55 68 76 86 94 
1 2 6 8 12 15 20 26 36 55 72 86 93 98 99 
1 2 6 18 31 46 65 82 96 
1 2 3 4 5 6 7 9 10 11 12 13 15 17 19 20 21 26 30 34 39 46 51 55 64 67 75 80 85 89 93 96 98 99 100 
3 4 6 7 14 19 31 41 61 77 96 
1 2 3 5 6 8 10 14 20 29 32 46 48 59 73 80 91 98 
1 2 3 4 5 6 8 11 17 24 30 36 44 52 64 78 82 91 98 99 
1 2 3 4 5 6 8 9 12 15 16 18 22 23 24 25 26 30 36 41 44 47 51 58 63 70 75 80 83 86 91 92 96 99 100 
3 4 7 9 13 15 20 28 41 52 66 73 83 94 
1 2 3 4 5 8 10 13 17 21 33 35 46 54 62 71 78 87 95 98 100 
3 5 6 10 11 15 17 21 24 27 35 39 51 60 72 81 90 96 100 
1 2 4 7 9 11 13 17 25 33 48 55 69 75 86 90 98 99 100 
1 2 3 6 7 9 10 12 15 16 19 23 31 36 44 56 70 76 86 95 99 
1 4 5 6 8 11 12 15 17 19 25 30 31 40 45 51 56 62 69 75 82 86 92 94 96 99 100 
1 2 3 4 5 7 8 9 11 12 15 20 22 24 25 30 34 41 45 49 58 63 71 76 82 86 94 98 100 
1 2 3 4 5 8 9 11 18 22 31 36 47 55 64 74 82 91 98 100 
1 2 5 6 7 11 12 18 20 29 38 44 55 71 86 91 95 99 
1 2 3 4 7 8 9 15 24 27 34 44 60 75 83 93 97 100 
1 2 3 4 6 7 8 9 14 16 19 23 28 32 39 48 62 69 79 90 97 99 
1 2 3 4 5 6 7 8 9 10 11 12 14 19 21 22 25 28 30 33 36 38 42 46 50 51 54 57 63 68 71 75 79 85 90 92 94 98 100 
1 2 3 4 5 6 7 8 9 11 12 13 14 17 18 20 23 25 28 32 39 42 44 46 51 53 57 59 66 70 74 79 82 85 88 90 92 96 97 98 99 100 
1 2 3 4 5 6 7 8 10 11 13 18 22 31 42 50 64 77 88 99 
1 2 3 4 7 8 10 13 16 20 22 25 31 38 46 49 55 67 79 88 93 97 99 100 
1 2 4 7 13 19 26 30 42 54 69 84 96 
1 2 3 5 12 20 23 27 39 44 57 71 82 94 99 
1 2 3 4 5 6 7 9 13 14 16 17 24 27 35 42 52 67 79 88 95 98 99 
1 2 3 4 5 6 7 8 9 10 11 12 13 14 15 16 17 18 19 20 22 24 27 31 42 45 51 60 68 75 81 88 94 97 99 
1 2 3 5 7 9 10 14 17 29 47 59 73 94 
1 2 3 4 6 7 8 9 13 16 19 28 34 41 55 68 80 87 92 
1 2 3 5 11 16 23 34 39 47 59 76 87 95 97 
1 2 4 5 7 8 10 12 13 15 16 18 19 22 24 27 30 32 36 39 41 44 50 54 59 62 69 75 79 83 88 93 96 97 98 99 100 
1 2 3 4 6 14 23 29 41 46 60 70 85 94 99 
1 2 3 4 6 7 11 15 18 23 30 40 48 58 70 82 94 98 99 
1 2 4 5 8 12 16 24 39 53 63 74 88 95 
1 2 3 4 6 9 12 17 23 34 42 52 63 76 87 95 100 
1 2 3 4 5 6 8 9 10 13 17 21 26 33 37 45 57 72 83 92 99 
1 2 3 5 8 13 21 28 42 55 70 79 88 97 
1 2 3 4 5 6 7 9 10 11 13 14 15 16 17 18 19 20 21 24 26 27 28 29 30 31 32 33 34 36 38 43 45 49 53 58 61 65 70 74 80 83 85 87 90 94 96 98 99 100 
1 2 3 4 5 7 8 10 11 12 19 24 35 44 50 56 65 72 81 87 96 97 98 100 
1 2 3 4 6 7 8 9 10 13 17 22 25 30 35 47 49 53 71 79 88 94 98 100 
1 2 3 5 6 7 9 11 12 15 22 28 38 58 78 89 91 95 
1 2 3 4 6 7 8 11 13 15 16 18 20 25 29 31 33 36 40 45 50 60 68 73 81 86 90 93 96 98 99 100 
1 2 4 8 11 15 20 37 50 76 91 
1 2 3 4 6 7 9 12 16 22 29 40 49 56 72 83 91 98 100 
1 2 3 4 5 7 8 10 14 19 24 27 32 36 39 45 49 58 67 70 82 86 92 95 99 100 
1 2 3 4 5 7 9 10 11 14 16 22 24 25 31 36 44 51 59 69 77 87 97 100 
1 2 3 4 5 6 7 8 10 13 18 22 26 29 37 43 47 56 64 71 78 85 94 96 98 100 
1 2 3 4 6 8 10 16 29 45 58 77 93 
1 2 4 6 8 10 12 14 23 26 35 45 52 66 78 88 98 
1 2 3 7 8 12 15 17 20 22 29 38 45 55 57 66 72 82 92 99 100 
1 3 6 9 12 18 33 52 70 83 93 
1 2 3 4 5 6 7 8 10 11 13 15 19 22 28 33 48 58 76 86 91 99 
1 2 3 4 7 9 12 14 19 24 35 45 60 79 94 
1 2 3 4 5 6 10 11 13 15 18 25 30 37 44 50 58 67 72 84 93 99 
1 2 4 7 8 10 15 25 30 39 51 64 75 86 96 100 
1 2 5 6 7 9 11 14 17 20 23 24 31 35 39 44 47 49 55 58 69 74 80 89 95 96 98 99 100 
1 2 3 4 6 7 8 9 12 14 19 22 27 29 35 48 58 71 79 88 98 100 
1 2 3 5 7 10 14 16 18 26 29 41 56 73 81 88 96 98 100 
1 2 5 7 8 13 18 24 40 51 57 68 80 89 95 99 100 
1 2 3 4 5 6 9 11 12 20 25 31 38 50 63 74 87 97 
1 2 3 4 5 6 7 9 10 11 14 16 18 20 24 29 32 37 42 48 53 60 68 74 81 84 88 89 94 98 99 100 
1 2 3 4 5 7 8 10 14 18 22 28 32 37 39 47 53 61 67 82 89 94 97 100 
1 2 3 4 6 7 8 9 10 15 17 19 22 26 27 33 36 38 42 43 47 50 54 62 68 75 82 89 94 97 98 100 
1 2 3 4 5 8 10 11 15 23 28 36 50 72 89 99 
1 2 3 4 5 6 7 8 10 11 12 13 14 15 16 17 18 19 20 21 23 26 28 32 34 42 47 52 63 74 81 92 96 100 
1 2 9 13 16 25 35 54 68 85 94 
1 2 3 4 5 6 7 8 9 10 12 15 16 20 23 29 43 48 62 79 92 98 
1 2 3 4 7 9 12 18 23 26 32 39 50 56 62 74 76 85 92 97 98 99 100 
1 2 3 6 8 11 12 14 16 21 25 28 32 43 48 55 67 78 87 89 92 97 100 
1 2 4 6 7 9 15 16 20 23 31 39 49 60 72 80 93 96 99 
1 2 3 4 5 6 8 13 15 22 25 30 35 41 56 65 71 82 90 95 97 100 
1 2 3 5 6 7 8 13 16 20 27 29 33 36 48 52 60 72 82 85 93 96 99 100 
1 2 3 5 7 12 14 17 26 36 44 55 64 70 80 88 94 97 98 100 
1 2 3 4 6 7 9 10 12 13 16 17 20 21 25 31 32 40 51 59 63 70 78 85 89 94 98 99 100 
1 2 3 5 7 9 12 16 19 24 27 32 44 52 59 64 76 84 92 95 98 100 
1 2 3 4 8 10 12 16 19 24 33 43 53 66 75 91 99 
1 2 3 4 6 7 8 10 11 13 14 19 24 27 31 37 42 49 62 76 81 91 96 
1 3 5 8 13 17 25 39 51 65 78 90 96 
1 2 3 4 6 7 11 14 18 25 33 48 59 77 93 
1 2 5 6 10 12 17 22 33 44 55 66 74 87 95 100 
1 2 4 5 7 10 12 13 19 22 34 46 52 66 75 84 93 99 100 
1 2 3 6 10 14 18 24 30 40 51 62 77 93 
1 2 7 10 16 19 25 38 52 59 75 87 93 98 
1 2 3 4 6 9 12 13 19 31 41 54 69 86 97 100 
1 2 3 4 6 8 12 14 15 16 20 23 26 32 35 38 45 51 58 71 78 82 86 89 95 99 100 
1 3 6 9 11 14 23 31 49 73 84 99 
1 2 3 4 5 6 8 10 11 14 16 17 20 28 33 38 44 53 62 74 84 96 99 
1 2 3 4 5 7 8 10 15 17 20 33 47 63 80 90 96 
1 2 3 6 10 15 21 33 39 51 59 78 88 97 99 
1 2 3 4 6 7 8 9 12 15 16 19 21 22 26 28 32 37 42 47 52 60 68 73 78 81 84 89 94 97 99 100 
1 4 5 6 8 10 11 14 16 17 20 22 26 27 28 29 32 33 34 36 39 40 46 50 55 60 63 66 69 72 74 78 83 85 89 93 96 97 99 100 
1 2 4 6 7 9 11 13 19 28 35 46 57 76 90 96 
1 2 3 4 5 6 7 12 17 26 30 33 40 51 57 69 81 92 98 
1 2 3 4 5 10 11 12 13 16 17 19 24 36 46 60 67 77 88 96 98 
2 3 4 5 7 13 19 25 34 46 58 70 82 92 99 
1 2 3 4 5 7 8 9 13 18 22 23 30 35 39 44 46 54 57 69 78 82 91 98 100 
1 2 3 4 5 7 9 13 18 20 24 32 43 55 63 72 82 90 93 95 99 
1 2 4 6 7 8 9 10 11 12 13 14 15 17 18 19 20 24 27 30 35 41 50 59 67 71 81 90 97 99 
1 2 3 4 5 6 7 8 9 10 11 12 13 15 16 17 18 21 22 24 25 26 27 30 31 32 33 35 38 40 42 43 44 45 49 52 55 59 60 62 64 66 68 70 72 73 76 80 81 82 86 89 91 92 95 96 97 99 100 
1 2 3 4 5 6 7 8 9 11 12 16 19 27 30 40 49 58 67 78 83 92 97 
1 2 3 4 5 6 7 8 9 10 11 14 15 19 22 26 29 33 38 46 54 63 72 79 86 90 97 99 
1 2 3 5 7 8 9 15 22 33 43 60 81 91 99 
1 2 4 5 6 9 11 13 16 21 28 32 40 51 60 73 82 100 
1 2 3 4 5 7 10 12 18 20 24 26 29 35 43 47 51 58 64 69 76 80 87 93 96 97 98 100 
1 2 3 4 5 8 10 12 14 17 20 23 28 36 43 53 59 72 87 96 99 100 
1 2 3 4 5 6 8 9 10 11 12 13 15 17 18 19 20 21 24 25 26 28 29 31 35 37 39 42 47 50 53 59 64 66 71 76 78 84 88 94 95 98 99 100 
1 2 3 4 8 12 17 24 32 45 51 61 79 89 96 
1 2 3 4 5 7 8 9 10 11 15 16 17 18 22 24 29 37 51 61 70 79 87 93 100 
1 2 3 4 5 6 7 8 9 10 12 14 15 16 19 21 22 26 29 30 31 32 38 42 46 51 56 60 66 74 76 82 90 93 97 99 100 
1 3 4 7 8 9 12 16 26 42 48 64 74 87 96 
1 2 3 4 5 6 7 10 15 18 33 45 58 73 86 96 
1 2 3 4 7 8 9 15 17 25 32 44 55 61 76 93 98 
1 2 3 5 6 8 13 15 23 29 46 63 72 91 96 
1 2 4 7 11 15 21 24 31 44 58 68 84 95 
1 2 4 7 9 12 16 19 26 32 36 48 58 66 72 81 88 94 98 100 
1 2 3 5 6 8 11 15 23 30 41 55 66 81 98 
1 3 4 5 8 12 16 20 25 33 38 49 58 69 82 93 97 99 
1 2 3 5 10 13 20 27 42 54 69 80 91 100 
1 2 4 9 11 15 20 26 37 49 56 67 78 90 95 
1 2 5 6 7 10 14 15 20 27 40 53 59 71 84 93 96 
1 2 3 6 7 10 13 15 23 38 50 58 68 74 86 91 96 
1 2 3 5 7 8 19 26 41 55 69 83 92 97 
1 2 3 5 6 9 13 16 20 22 28 37 42 52 59 69 77 84 93 97 100 
1 2 3 4 7 11 16 18 19 24 34 44 57 66 75 81 94 97 
1 2 3 4 6 7 10 13 17 18 19 21 23 25 28 30 34 43 50 56 67 74 79 83 91 93 95 98 99 100 
1 2 3 4 5 8 11 14 15 18 22 30 38 49 57 72 86 93 100 
1 2 3 4 5 8 9 10 14 18 22 25 29 35 40 51 60 65 72 79 93 97 99 
1 2 4 5 6 7 9 10 11 14 16 18 23 30 39 47 53 62 66 76 88 96 99 100 
1 2 3 5 6 7 8 9 11 14 18 19 24 28 36 42 43 49 52 58 67 70 77 82 88 91 98 100 
1 2 3 4 5 6 11 14 17 24 29 36 41 49 57 64 73 82 90 94 97 100 
1 2 3 5 10 12 15 22 32 43 56 69 86 93 98 
1 2 3 4 5 6 7 8 9 11 13 16 19 24 30 35 45 53 67 74 83 90 94 99 100 
1 2 3 4 5 6 7 8 9 10 11 12 18 23 27 29 35 45 56 71 77 89 93 98 
1 3 5 7 8 13 23 33 45 54 65 82 93 99 
1 2 3 4 5 7 8 9 10 14 23 30 43 56 76 89 97 
1 2 4 5 6 8 9 13 19 26 34 43 51 63 77 87 97 100 
1 2 3 5 12 16 21 25 33 40 47 55 67 75 90 97 100 
1 2 3 4 5 6 8 9 10 11 12 13 14 15 19 25 32 36 48 59 77 85 95 
1 3 4 5 6 7 8 9 11 12 13 14 15 17 19 22 26 32 44 55 58 68 79 86 92 96 98 
1 2 4 5 6 8 15 21 30 42 53 63 77 89 99 
1 2 3 4 5 7 8 9 12 15 17 19 20 22 24 27 31 32 35 37 38 41 45 51 57 60 63 68 70 71 74 75 83 87 91 92 93 95 96 97 100 
1 2 3 4 5 6 7 8 10 11 14 15 17 18 19 20 25 29 32 39 42 47 56 61 65 71 78 85 93 96 100 
1 2 3 4 5 6 9 10 11 13 16 19 30 37 42 53 60 70 80 87 94 98 99 
1 2 3 4 5 6 7 8 10 11 12 13 15 17 19 21 23 24 27 30 32 34 38 48 56 67 75 86 95 99 100 
1 2 3 8 9 13 19 27 46 66 84 97 
1 2 3 4 5 7 9 12 13 17 21 25 31 36 46 59 68 73 79 88 93 97 
1 2 5 6 7 11 15 18 21 34 42 60 73 82 93 98 100 
1 2 6 8 14 17 24 33 55 69 81 93 
1 4 7 9 11 15 19 22 32 39 51 64 79 88 96 98 
1 3 4 5 7 8 9 10 12 14 20 23 25 32 35 38 45 59 69 76 84 90 95 97 98 100 
1 2 4 6 7 8 9 10 16 18 20 25 31 41 48 61 69 77 91 96 98 
1 2 4 6 11 12 19 22 28 36 41 48 53 58 69 80 89 95 99 100 
1 2 5 6 7 9 11 14 16 24 29 39 53 74 86 98 
1 2 3 4 5 7 9 10 14 15 17 20 27 33 44 54 67 75 83 95 100 
1 2 3 4 5 6 8 12 15 19 25 32 39 45 54 60 68 74 82 88 95 100 
1 2 3 4 5 6 7 8 9 10 11 12 15 16 19 21 22 23 25 26 29 33 35 38 45 52 63 73 76 81 90 94 99 
1 3 5 7 10 13 18 24 27 37 49 63 80 88 97 
1 2 3 6 9 14 15 19 29 34 45 56 67 77 89 93 97 
1 2 3 4 5 7 9 12 17 23 31 38 46 52 67 76 87 92 98 99 
1 2 3 5 9 14 20 32 51 66 86 97 
1 2 3 4 5 10 14 17 24 29 36 44 57 63 73 88 96 100 
1 2 3 4 5 6 7 8 11 13 15 18 21 22 25 31 32 34 39 47 55 64 73 79 82 86 92 95 96 98 99 
1 2 4 5 7 9 10 16 22 32 43 58 65 74 81 89 94 100 
1 2 3 5 6 8 10 13 17 23 29 31 38 49 55 57 62 66 80 86 91 97 99 100 
1 2 4 5 6 7 11 16 20 24 31 38 49 59 68 76 85 90 96 100 
1 2 3 4 5 6 8 13 17 26 38 50 68 79 91 98 
1 2 3 6 10 11 13 16 21 28 38 54 71 84 97 
1 2 3 4 6 8 9 13 19 22 27 35 49 57 68 75 91 98 99 100 
1 2 3 4 5 6 8 9 10 11 13 15 17 18 21 22 25 27 30 33 34 37 42 47 52 55 62 72 77 84 87 89 93 95 96 98 99 100 
1 2 3 4 6 7 9 13 25 36 54 76 87 98 
1 2 3 4 5 8 9 10 11 13 15 17 18 25 31 35 38 40 43 53 66 71 80 86 92 97 99 100 
1 2 3 4 5 6 7 12 17 24 29 34 45 60 70 79 86 92 97 99 
1 2 3 4 6 7 9 11 16 21 26 30 39 49 57 69 78 88 95 96 97 100 
1 2 3 5 6 7 8 10 15 18 26 30 34 38 53 69 84 94 97 
1 2 3 4 5 6 7 8 9 10 11 12 13 15 16 17 21 25 27 28 31 34 40 49 52 64 72 80 93 97 98 100 
1 2 3 4 5 6 7 8 11 12 13 15 19 21 23 25 28 38 41 48 52 57 62 72 85 92 95 97 99 100 
1 2 3 4 7 10 11 12 15 16 19 21 22 24 26 31 35 44 50 60 67 77 86 92 95 100 
1 2 3 4 5 6 7 8 9 10 11 12 13 14 17 21 26 31 35 38 50 60 73 79 90 96 99 
1 3 5 7 9 10 13 18 23 25 32 36 46 57 66 71 80 87 96 99 
1 2 3 5 11 14 17 20 29 40 52 65 84 93 100 
1 2 3 4 6 7 8 9 10 11 12 13 14 16 17 18 20 22 24 27 31 33 38 45 48 52 57 62 66 71 78 81 87 91 94 97 98 99 100 
1 2 3 4 6 8 11 15 16 18 20 27 37 50 58 63 75 81 89 94 98 99 100 
