10 1500 12 
193 96 60 49 42 42 25 21 21 20 23110
179 125 113 94 42 22 20 20 17 16 23108
258 236 204 78 59 55 54 52 48 42 23158
288 41 17 16 16 15 15 14 14 14 21432
301 83 82 79 75 72 70 64 60 60 14771
40 19 12 9 9 9 9 9 9 8 24299
46 21 21 19 18 17 17 16 16 16 21284
214 32 32 31 30 29 29 28 28 25 16965
332 76 61 59 55 52 52 51 47 45 15797
365 92 84 63 60 55 51 47 44 43 14917
323 35 33 30 30 27 26 26 25 23 13626
506 66 65 63 58 57 57 54 53 52 15887
112 27 25 23 23 21 20 20 19 19 15639
228 29 17 14 13 13 13 13 13 13 20559
312 296 252 246 236 149 141 111 77 73 22565
190 160 142 122 105 95 77 70 70 62 20785
83 66 65 49 48 46 45 43 41 38 14721
11 10 9 8 8 8 8 8 8 8 24518
13 12 12 11 11 10 10 10 10 10 22838
20 19 19 17 16 16 16 15 15 14 22430
44 22 19 18 17 16 15 15 15 15 19592
98 89 89 82 77 76 74 73 69 67 11665
39 29 14 13 13 13 12 12 12 11 22274
20 12 11 11 11 11 10 10 10 10 23908
245 77 29 28 27 26 25 22 21 21 21458
439 78 63 62 54 51 48 48 45 43 14847
62 60 59 52 47 41 41 41 39 37 17282
22 18 17 16 16 14 14 14 14 13 22787
11 10 10 10 9 9 9 9 9 9 24540
174 78 78 60 53 52 48 43 34 31 24478
128 125 111 86 50 48 41 38 37 37 23066
29 22 21 21 20 18 18 17 15 15 22255
343 58 38 34 33 28 22 21 18 17 21994
66 41 26 23 19 15 14 13 13 13 22747
124 69 63 52 25 23 23 23 22 22 19023
33 26 22 19 18 18 17 17 17 15 22690
15 14 13 12 12 12 11 11 11 10 23450
54 53 47 47 44 44 44 43 43 42 9657
18 18 15 14 13 12 12 11 11 11 23235
337 38 32 31 29 28 27 26 25 24 19278
136 107 77 32 27 27 25 25 22 22 18858
131 104 102 86 30 29 28 27 26 22 18495
362 48 37 37 32 28 28 26 25 25 19036
100 28 26 20 18 18 17 17 17 16 22462
33 26 26 25 25 24 24 24 24 23 13047
128 28 23 22 21 19 18 18 18 17 18588
54 37 33 23 20 18 18 18 17 17 22359
263 63 27 18 16 16 16 15 15 15 18872
157 66 60 47 44 43 41 37 35 34 17588
210 14 13 13 13 13 12 12 12 11 23277
334 23 18 17 16 15 15 14 14 13 22112
24 19 19 17 17 16 16 16 15 15 21171
38 34 33 28 27 27 27 26 25 23 18972
29 26 24 23 23 22 19 18 17 17 19468
182 153 137 134 93 92 91 43 39 37 20668
234 98 68 56 27 26 21 20 18 18 23577
37 27 25 25 23 22 21 20 20 20 17037
44 18 18 16 16 16 15 15 15 14 21388
227 26 25 24 21 21 21 20 20 20 18798
74 13 13 12 11 11 11 11 10 10 24145
17 17 15 15 14 14 14 13 13 13 22718
29 21 20 15 15 14 14 14 14 13 20823
75 68 34 32 22 20 19 18 18 18 19289
156 69 22 15 14 14 12 12 11 11 21981
141 125 120 97 67 53 50 27 22 22 17395
861 55 34 23 22 21 21 21 20 19 19662
38 38 35 34 31 30 29 29 29 26 14915
109 20 19 17 16 16 16 16 16 15 20671
102 33 13 11 11 11 10 9 9 9 24579
33 29 20 20 20 18 18 18 17 17 20211
74 72 59 53 48 46 43 38 31 30 13344
333 307 77 24 21 20 18 17 17 17 19676
302 42 29 29 28 26 26 25 25 24 16800
10 10 9 9 9 9 9 8 8 8 25266
89 73 64 34 29 21 20 19 19 19 22278
43 35 34 33 32 32 32 24 21 21 19104
314 297 59 37 23 22 21 21 21 20 20633
164 82 63 62 61 54 53 53 44 44 15881
60 43 21 18 16 15 14 13 13 13 23585
15 13 12 12 12 11 11 11 10 10 24036
19 16 15 14 13 13 13 12 12 12 22847
26 26 20 19 18 18 17 17 17 16 21308
36 33 30 21 19 18 18 17 17 17 19743
57 55 37 36 36 35 34 33 33 32 17057
16 13 13 12 12 12 12 12 11 11 23325
25 21 18 14 13 13 13 13 13 13 23091
162 61 52 22 20 19 18 18 17 17 20171
172 34 33 31 29 28 28 27 27 25 17185
28 28 24 12 12 11 11 10 10 10 24358
43 42 38 37 34 30 29 29 27 27 17241
30 28 24 24 21 21 20 20 20 19 20180
73 19 14 13 12 12 12 11 11 11 23761
233 181 53 42 23 19 18 16 16 16 22924
277 189 76 23 19 15 14 14 13 13 23088
45 43 42 37 32 30 30 29 29 29 16330
219 55 21 21 20 18 17 17 16 15 21227
28 20 19 17 17 15 15 15 14 14 21736
87 36 19 18 18 17 17 17 16 16 19784
109 19 18 17 17 17 17 17 17 16 20942
151 30 23 22 20 20 19 19 19 18 18510
61 37 23 23 22 21 21 21 21 19 21879
30 25 22 22 21 20 20 19 19 19 17118
67 17 16 16 15 14 14 13 13 13 20794
72 56 37 33 24 20 19 18 18 18 21265
43 37 30 27 24 23 22 18 17 16 21084
148 144 143 122 98 96 85 83 76 63 20958
196 175 167 118 100 94 72 55 44 43 23439
197 174 135 130 115 109 50 47 38 34 20817
19 19 18 15 15 15 14 14 13 13 23839
22 16 14 13 12 12 12 11 11 11 22168
45 24 22 22 20 20 20 20 18 17 20382
347 24 22 20 19 17 17 17 16 16 20039
30 20 19 18 17 16 15 15 15 15 22759
662 30 29 28 27 25 24 23 23 22 21372
135 14 10 9 9 9 9 9 9 9 24854
503 34 31 29 29 28 26 25 24 24 20468
445 36 23 23 19 19 18 18 18 18 22001
84 13 10 9 9 9 9 9 9 9 24545
109 95 77 70 68 57 56 56 55 55 9796
28 28 27 24 23 23 22 22 22 21 18667
38 36 33 32 31 31 30 25 25 25 18974
20 17 16 16 16 16 15 15 15 15 21257
33 31 28 21 18 17 15 15 14 14 22015
51 20 20 19 19 17 17 16 16 15 22026
80 31 25 25 24 22 22 21 20 20 19819
40 16 16 15 14 11 11 10 10 10 23194
90 27 14 12 12 12 11 11 11 11 22856
244 52 52 43 17 16 16 15 15 15 20725
38 26 26 25 23 23 20 20 19 18 17011
282 32 21 19 19 18 17 17 16 16 20709
195 101 52 46 46 44 43 41 38 37 12194
122 71 62 45 44 43 42 41 41 41 12628
46 34 18 18 17 17 16 16 16 15 19762
57 11 10 9 9 9 9 9 9 8 24473
40 27 27 26 24 23 23 22 20 20 15960
20 19 17 16 16 16 14 13 12 12 22233
217 194 107 99 83 79 54 52 34 31 18082
20 15 14 13 12 12 11 11 11 10 23859
33 27 27 23 23 21 20 19 19 19 20353
18 13 12 11 11 10 10 10 10 10 22843
510 244 23 21 19 17 16 16 16 15 22722
42 35 29 24 24 23 22 21 21 19 19678
29 29 28 26 25 25 25 25 24 24 12949
83 18 18 16 15 14 14 14 14 13 18716
56 29 26 24 21 21 20 20 20 19 21473
30 28 27 27 25 24 24 24 24 24 11007
95 79 35 13 12 12 11 11 11 10 23708
33 29 26 22 18 16 16 16 16 15 20905
21 16 15 15 15 14 14 14 14 13 21612
41 25 23 19 18 17 17 16 16 15 21216
272 63 29 23 20 20 18 17 17 17 21088
63 55 53 52 50 50 47 47 45 43 12898
41 40 36 35 34 33 31 30 30 30 16235
16 15 14 12 12 11 11 10 10 10 23464
61 34 18 17 16 15 13 13 12 12 23389
206 44 38 15 14 12 11 11 11 11 23479
33 30 29 29 28 27 26 26 25 25 17435
845 40 20 19 19 18 18 17 17 17 21698
165 73 69 68 68 59 56 56 52 50 10564
30 29 29 29 25 25 25 23 23 23 15878
37 34 34 31 29 28 28 28 26 26 18665
83 68 17 13 12 12 12 10 10 10 24419
571 426 71 31 27 19 16 15 13 12 22363
21 19 15 15 15 14 14 14 14 13 20593
213 59 56 52 49 48 48 46 45 41 12411
18 17 15 15 15 15 15 14 13 13 21317
45 24 22 18 18 17 17 16 16 16 20942
18 12 12 11 11 11 11 10 10 10 22255
629 373 186 84 68 61 60 59 57 53 14932
57 39 34 33 28 24 24 23 22 21 18979
26 22 21 20 20 20 19 19 19 19 19604
54 50 21 20 19 17 16 15 14 14 23739
536 229 220 101 65 61 60 53 52 52 14851
46 14 13 13 13 13 13 12 12 12 23952
106 14 12 12 11 11 11 10 10 10 23652
60 54 36 31 13 12 12 11 11 11 22085
128 34 31 31 27 26 26 25 24 24 20511
21 20 20 19 18 16 15 15 14 14 22409
47 38 31 31 30 29 28 28 27 27 18840
128 29 27 21 17 16 14 13 13 13 22684
46 25 24 19 19 17 17 15 14 14 22646
447 47 43 36 36 27 25 23 23 22 18970
19 16 16 15 14 13 13 13 13 13 21808
161 123 116 111 105 84 84 80 70 67 14281
1215 119 26 22 22 21 18 17 17 17 21434
48 48 38 35 31 30 30 30 30 29 13614
47 33 33 33 32 29 28 28 28 27 15353
67 41 32 24 22 20 20 18 18 17 20956
122 115 115 110 105 89 76 63 61 54 19221
153 74 57 51 48 44 42 38 37 37 20533
49 17 11 10 10 9 9 9 9 9 24882
97 76 65 65 62 60 56 53 51 50 14874
38 38 35 34 33 32 31 31 31 31 16466
335 239 91 34 34 29 28 27 20 19 20584
414 22 19 16 16 16 16 16 15 15 23251
15 13 13 12 12 11 10 10 10 9 23876
478 32 30 22 14 11 10 10 10 10 24005
130 86 86 78 24 17 16 14 14 14 22479
194 116 71 67 44 26 25 22 20 18 22647
115 67 40 27 26 26 25 25 20 20 20182
87 68 67 36 31 30 28 25 24 24 19344
94 56 40 28 25 24 21 21 20 20 20416
352 46 32 27 25 22 22 21 21 19 21128
167 148 129 42 37 36 35 34 34 33 17955
295 187 145 134 120 91 88 87 82 75 22983
41 39 29 26 24 24 24 18 18 17 20213
278 34 28 27 23 23 22 21 21 20 14854
40 29 28 28 28 28 25 22 21 21 14989
33 22 22 19 18 18 16 16 15 14 21539
14 14 14 12 12 11 11 11 11 11 23128
28 27 27 27 26 24 23 23 23 23 16366
14 12 12 12 12 11 11 11 11 11 23363
305 20 18 17 16 16 15 15 14 14 21168
71 66 63 60 55 53 51 50 50 48 15494
279 119 29 25 23 21 16 16 16 14 20000
505 314 138 109 91 87 60 55 49 31 22254
485 135 88 84 56 56 50 47 46 45 12954
69 61 36 36 31 29 27 27 23 22 19463
302 166 105 100 90 52 27 25 22 19 20918
84 42 32 26 24 22 22 20 17 16 21668
67 29 25 21 18 17 16 15 15 15 22189
403 41 40 36 20 20 18 18 18 13 23156
82 49 22 12 12 12 10 10 9 9 24334
105 102 97 86 80 79 76 74 71 71 7848
133 93 73 71 68 65 63 59 56 55 12894
30 24 24 23 21 20 20 20 20 19 18809
18 18 18 17 15 15 15 14 14 14 17375
254 74 71 43 26 25 24 23 22 21 20761
236 171 92 79 78 71 68 68 68 65 20439
41 24 18 18 16 16 15 15 14 13 21460
20 19 19 18 18 18 17 16 16 16 21513
70 37 35 35 32 31 31 31 30 29 13115
52 43 41 40 38 37 36 35 35 34 13892
15 14 13 13 12 12 12 12 12 12 23199
18 18 17 16 16 15 15 15 14 14 20935
32 30 29 29 28 27 27 26 26 26 12357
35 30 29 27 27 26 26 26 25 25 11622
57 50 34 18 17 15 13 12 11 11 23617
67 34 31 27 26 24 22 22 21 20 20539
23 17 15 14 14 14 13 13 13 13 21309
280 21 20 20 19 18 18 18 17 15 20631
62 19 19 19 19 19 18 18 17 17 18797
33 28 25 22 22 22 21 20 19 19 21173
68 65 59 38 31 29 29 28 28 28 15442
16 15 14 14 14 13 13 13 13 12 21930
472 123 89 73 31 31 31 26 26 24 16978
31 27 27 23 23 23 23 22 22 22 16151
31 14 13 12 11 11 11 11 11 10 23603
56 41 34 32 30 30 29 28 27 25 18553
22 15 13 13 12 12 12 11 11 11 23971
19 15 15 15 13 13 13 13 13 12 22915
263 54 52 51 45 43 40 38 37 35 17551
447 19 18 17 16 16 16 16 16 15 20569
37 36 35 34 33 33 29 29 28 28 15444
51 32 26 24 24 22 22 21 20 20 19128
53 15 12 12 12 12 11 11 11 11 20915
77 27 25 20 20 17 16 15 15 15 21697
298 220 185 43 16 15 14 14 14 12 23319
86 50 39 21 18 17 17 17 16 16 20256
489 335 334 326 74 73 54 48 47 46 15034
28 23 23 23 22 20 19 19 19 18 17353
32 32 30 29 27 27 27 22 22 22 17254
80 63 18 17 15 15 13 13 13 13 23175
53 17 17 16 15 14 14 13 12 12 19064
146 116 112 98 95 94 90 86 84 79 7789
153 22 20 18 17 17 17 16 16 16 20340
59 49 24 23 23 21 20 20 19 19 19148
18 14 12 12 11 10 10 10 9 9 24295
123 23 21 18 17 16 15 15 14 14 19935
75 65 43 36 33 33 33 32 32 31 12097
95 91 58 47 43 42 42 39 37 36 17296
45 16 15 13 13 13 13 13 12 12 22615
152 135 22 21 20 18 18 14 14 13 22547
431 403 378 193 146 100 90 38 35 35 16520
91 22 18 18 18 18 15 14 14 14 22445
34 27 26 23 23 22 20 19 18 18 21589
131 17 17 14 14 13 13 13 12 12 20741
262 16 16 16 15 15 15 14 13 13 19946
59 38 19 16 15 14 14 14 14 14 22360
29 26 23 22 21 19 18 18 17 16 19862
284 33 27 27 23 22 20 20 20 19 18520
302 271 213 191 126 121 112 34 15 15 23077
70 57 52 52 49 49 45 44 44 44 9632
94 85 47 42 41 36 31 30 28 27 20927
67 64 43 38 32 32 31 30 29 26 16709
90 80 63 61 40 38 36 33 31 29 17971
25 23 22 21 21 20 20 20 19 18 17475
38 37 30 24 17 16 14 13 11 10 23713
39 39 27 26 24 24 23 22 21 21 18491
29 26 26 25 25 21 20 20 20 19 15566
66 51 44 34 31 27 27 26 25 24 19269
48 48 47 45 44 43 43 42 42 38 9640
96 23 23 22 21 21 20 20 20 20 19526
59 58 39 37 33 32 27 27 26 25 22638
337 117 77 59 53 23 23 22 20 18 21936
72 51 48 46 45 44 40 40 39 38 14253
432 164 52 48 38 36 34 31 31 31 19352
62 49 46 45 45 43 43 40 38 35 10048
539 363 201 172 113 73 58 52 40 37 17165
154 27 24 22 21 19 17 17 17 17 18921
109 77 41 27 13 11 11 10 10 10 24468
564 309 51 47 27 26 24 24 22 22 18938
119 60 54 42 37 37 36 33 32 32 15835
12 11 11 11 11 11 10 10 10 10 23389
22 21 21 20 18 18 17 17 17 16 18486
34 22 21 21 20 20 18 18 17 17 19893
27 23 22 22 22 21 19 19 18 18 22752
26 25 21 21 21 19 19 18 18 17 18681
18 16 15 15 14 14 13 13 13 13 22497
98 56 31 18 18 15 14 14 14 14 20420
84 61 49 42 39 35 32 32 32 31 14382
29 24 21 21 20 19 18 18 18 17 20988
23 22 20 19 19 19 19 18 18 18 19342
40 32 32 31 31 30 29 27 27 26 15425
311 17 16 14 14 14 13 13 12 12 21863
17 13 12 11 11 11 11 11 10 10 21178
29 27 26 20 20 17 17 16 16 15 20453
351 49 35 29 28 26 26 25 24 23 19028
25 23 23 22 22 21 20 20 20 19 16331
47 43 33 29 29 27 21 20 19 17 24686
45 22 22 19 18 18 18 16 15 15 21210
123 75 31 29 21 20 20 20 19 16 20989
203 171 161 115 65 43 31 30 26 25 23058
159 98 87 53 44 42 37 26 24 20 23367
1082 73 12 12 11 11 10 10 10 9 22087
1140 87 33 26 26 25 24 23 22 21 19235
14 14 10 10 10 10 9 9 9 9 24359
18 18 14 14 13 13 12 12 11 11 22844
84 78 77 74 58 57 55 55 54 54 8326
126 108 94 87 79 78 78 69 69 66 7892
22 18 18 18 16 15 15 15 15 14 22129
312 39 39 35 33 32 31 30 30 29 18748
20 18 16 16 15 15 15 15 14 14 21310
101 98 93 88 83 81 80 76 76 71 7846
13 13 13 12 12 11 11 11 11 11 23233
23 20 17 17 16 15 14 14 14 14 20877
328 26 20 20 20 17 17 17 17 17 21433
21 21 17 16 15 14 14 14 14 14 21038
22 20 19 17 16 15 15 14 14 14 20775
127 22 20 19 18 18 18 18 18 18 20410
207 115 113 106 64 28 27 23 21 20 20740
146 29 28 25 23 23 22 22 21 21 14627
54 34 29 28 25 24 23 22 21 21 17929
664 241 143 28 19 15 14 13 13 12 20833
23 21 20 19 18 18 17 17 17 17 17244
68 63 57 56 44 42 38 38 38 31 20356
315 103 15 14 12 11 11 11 11 10 22889
67 37 33 26 24 21 19 18 17 17 21737
109 107 65 61 55 48 48 45 36 36 18960
333 39 39 32 29 28 27 26 26 25 20055
55 53 52 46 45 43 42 40 38 37 18077
23 22 19 17 17 17 16 16 16 15 19233
75 22 22 11 10 10 9 9 9 9 24498
80 34 31 28 26 23 20 19 17 16 23530
89 48 41 40 30 22 20 19 19 19 22776
90 86 74 71 70 69 67 64 62 58 13399
136 110 48 42 37 34 22 20 19 18 22648
174 124 78 26 20 20 19 19 18 18 18144
252 29 22 21 20 19 18 18 17 17 18842
25 19 17 17 16 15 15 15 15 15 21398
813 247 243 143 94 64 64 53 53 52 15152
17 16 16 15 14 14 14 13 13 13 22659
31 30 24 24 22 22 22 22 21 20 19938
546 97 91 88 88 55 50 39 34 34 18367
81 43 30 27 26 26 24 24 21 21 22039
94 58 37 24 18 14 13 13 13 13 22801
70 60 59 23 20 18 16 16 15 15 23270
695 314 203 135 124 96 94 88 72 72 16486
202 73 33 30 23 20 19 18 18 18 19335
12 10 10 10 9 9 9 9 9 9 24719
35 25 22 21 21 19 18 17 16 16 20457
94 16 16 16 16 14 13 11 11 10 24475
23 15 14 13 13 13 13 13 12 12 21947
51 32 25 23 23 22 21 21 21 20 18136
504 63 29 28 26 26 26 25 24 23 16019
119 110 87 83 17 15 13 13 13 13 23248
76 70 17 16 16 14 13 13 13 12 22401
29 27 25 23 21 21 21 21 20 20 16015
106 97 76 35 26 23 17 17 16 15 22443
168 103 51 47 27 26 24 18 17 17 21203
162 115 33 31 26 26 25 25 25 22 16614
120 91 30 29 27 25 24 24 22 21 16191
22 20 20 19 19 19 18 17 16 16 18790
31 30 29 27 27 25 24 24 24 23 10739
167 41 18 18 18 17 15 15 14 13 22309
37 36 36 35 35 33 32 31 31 30 17283
99 19 18 18 17 16 16 16 16 15 20800
58 19 16 16 15 15 15 15 15 15 21025
54 49 35 34 30 29 27 27 27 26 15291
173 123 99 21 19 19 17 17 16 16 20143
460 56 28 16 14 12 12 11 11 10 23730
40 38 37 36 33 32 31 30 30 30 12081
21 18 18 17 16 15 15 14 14 13 22316
39 24 21 20 19 19 18 18 17 17 20651
273 233 61 38 37 34 31 30 30 30 17879
38 19 17 15 15 15 14 14 14 13 22464
81 22 22 20 18 18 16 16 14 14 22563
52 51 50 50 48 44 34 34 33 31 18317
299 228 207 189 39 33 33 32 30 29 18760
105 61 18 17 17 17 16 16 16 16 21906
57 37 37 36 35 35 32 32 31 31 14116
103 62 49 36 35 33 33 26 24 24 22611
18 17 16 15 15 14 14 14 14 14 20056
97 35 19 17 12 12 12 12 11 10 23635
20 19 18 16 15 15 15 15 15 15 20945
21 20 19 18 18 18 18 18 18 17 19643
65 43 28 19 19 18 18 17 16 16 20035
1056 68 52 50 49 48 43 42 41 41 10307
27 23 22 20 19 18 18 18 18 18 19690
41 37 25 23 23 22 21 21 20 19 21871
60 19 14 13 13 13 12 11 11 11 23449
42 18 18 18 17 15 15 15 15 14 19969
14 14 13 12 11 11 11 11 10 10 23989
163 64 63 60 58 57 45 45 44 43 13249
55 42 41 41 40 38 38 36 35 33 16989
299 13 12 11 11 11 11 10 10 10 23597
453 17 17 11 11 11 11 10 10 10 24366
247 244 199 195 38 38 32 30 30 29 21786
21 20 14 14 14 12 12 12 12 11 24050
43 24 20 19 17 16 15 15 13 13 21016
261 57 38 38 28 14 13 13 13 13 22646
141 88 27 20 19 19 18 18 18 17 22092
106 66 12 12 10 10 10 9 8 8 24718
162 38 33 14 14 13 12 12 11 11 23749
71 37 24 23 22 21 21 21 21 19 18003
63 17 16 16 15 15 15 14 13 13 22946
332 109 31 27 24 24 24 23 22 20 20892
423 140 121 114 25 24 23 21 18 14 22159
465 34 28 27 25 22 21 19 19 19 19866
109 37 33 29 27 24 23 21 19 19 22989
35 22 16 16 15 14 13 13 13 13 20442
24 15 15 15 14 12 12 12 12 11 23208
48 37 36 36 31 31 30 29 28 28 17837
100 33 17 16 16 15 14 14 14 14 20988
120 51 25 22 21 21 20 19 19 19 17081
42 38 37 35 35 34 33 32 32 32 13916
353 23 19 16 16 16 15 15 15 15 19115
90 87 34 27 25 20 20 18 18 18 19358
165 22 17 17 17 16 15 15 15 14 21355
20 15 14 12 11 10 10 10 10 10 23779
183 36 33 27 26 25 25 24 23 23 18054
462 458 71 61 59 55 54 49 49 48 12707
323 104 92 54 32 30 27 27 26 24 23405
21 18 18 18 17 16 16 16 15 15 17895
29 19 19 19 19 18 18 18 18 18 18288
28 26 18 18 17 17 17 17 17 16 18842
20 20 18 18 17 17 17 17 16 16 21949
155 123 19 17 17 16 16 15 14 14 22825
45 35 29 27 26 25 24 23 22 22 17285
36 19 17 17 15 15 15 14 14 14 22652
26 17 16 15 14 14 13 12 11 11 23728
481 428 306 303 57 24 23 20 20 17 22793
18 17 17 16 16 16 15 15 15 15 20727
852 110 62 61 59 50 48 45 44 44 14616
77 51 47 47 46 45 44 35 35 32 18039
328 106 85 78 73 72 71 69 66 66 14130
37 14 13 12 11 11 10 10 10 10 23119
29 17 17 16 16 16 14 14 14 14 21544
84 51 44 44 42 41 39 39 38 38 13642
99 90 88 79 76 74 67 65 64 64 13932
344 50 35 33 33 32 32 32 31 31 12268
14 14 14 13 13 11 11 10 10 10 22594
104 21 18 17 17 16 15 15 14 14 21722
66 43 42 40 38 38 37 35 35 35 9931
13 13 13 12 12 11 11 11 11 10 23236
83 54 48 47 46 44 43 40 38 36 17004
267 46 37 34 34 32 29 29 28 27 19555
71 14 12 12 11 10 10 10 10 10 24231
359 34 31 29 27 25 25 24 24 24 18684
37 20 20 19 18 18 16 15 15 15 20931
43 21 21 16 15 15 15 15 15 15 15458
38 36 36 31 30 30 30 29 29 28 15678
38 33 31 27 26 26 24 23 23 20 18288
28 27 25 23 21 20 20 20 20 19 19299
26 26 22 21 18 18 17 16 15 15 21410
195 36 32 31 30 30 26 25 25 24 15270
22 18 16 15 15 15 14 14 14 13 22353
394 248 58 48 47 41 39 39 37 33 18605
77 26 18 18 16 16 15 15 15 14 21884
25 24 21 20 20 19 18 18 18 18 18711
41 16 15 11 11 11 10 10 10 10 24102
67 27 26 25 24 24 24 23 23 23 16078
18 17 16 15 15 13 13 13 13 13 22436
265 183 115 98 83 75 61 53 44 43 20930
167 164 158 157 157 157 155 155 153 153 2301
167 164 158 157 157 157 155 155 153 153 2301
35 34 28 23 22 21 21 18 18 18 20817
286 60 51 49 48 48 43 41 40 40 16438
359 218 142 62 51 43 37 34 30 29 15257
376 75 31 28 28 26 23 22 21 21 18865
352 306 51 32 27 26 22 22 21 21 20400
67 37 15 14 13 13 12 12 12 12 23411
12 12 11 10 10 10 10 10 10 10 23460
77 31 22 21 19 18 17 16 16 16 21820
223 68 66 58 46 38 34 27 23 21 22733
449 11 11 11 10 10 10 10 9 9 24803
372 31 20 19 18 17 16 15 15 15 21448
45 36 33 32 31 31 30 29 29 28 17015
77 15 12 12 12 11 11 10 10 10 25093
271 29 28 28 28 27 26 24 22 22 19272
27 20 20 19 19 18 16 16 15 15 20316
88 31 30 28 28 26 25 25 25 24 14743
129 61 47 18 16 15 15 14 14 14 21737
187 131 93 58 57 25 23 21 21 21 18011
136 85 69 54 45 31 26 25 24 23 16303
308 46 35 29 27 26 25 24 22 21 20698
52 24 23 22 22 22 22 21 18 18 13821
181 51 34 15 14 14 11 11 11 11 24126
586 88 45 42 9 9 9 8 8 8 25632
19 15 15 12 12 12 12 12 11 11 22563
18 18 18 17 15 15 14 13 13 13 22126
19 18 17 17 16 16 15 15 15 15 22625
280 135 122 24 20 17 16 15 14 14 19283
111 57 51 48 48 45 45 45 42 38 13725
26 17 17 16 15 13 13 13 13 13 22344
11 11 11 10 10 10 9 9 9 9 24220
153 32 30 28 26 25 24 24 23 22 21164
81 26 24 21 19 18 17 16 16 16 20673
30 22 19 18 17 16 16 15 15 15 18305
104 21 19 14 14 14 13 13 12 12 22579
35 27 26 26 26 24 23 23 23 22 17001
30 29 27 25 23 19 18 18 18 18 21152
90 41 37 28 27 26 25 24 24 24 18077
107 66 63 58 53 52 50 50 47 46 10776
75 41 29 23 23 23 21 20 20 20 20326
33 31 30 24 24 23 22 22 21 21 18639
145 142 59 56 47 41 40 36 34 30 20500
204 15 14 13 13 12 12 11 11 11 22788
756 42 42 42 41 40 39 36 31 30 17510
242 28 15 14 14 13 13 12 11 11 23949
657 120 33 29 23 21 20 20 20 19 20143
126 20 19 19 17 16 15 15 15 14 23191
23 19 18 18 18 18 18 18 18 17 17637
91 88 17 16 15 15 14 14 13 13 20660
64 63 61 55 46 42 40 40 39 37 17480
32 32 30 27 23 21 21 20 20 20 18148
58 18 16 16 15 15 15 14 13 13 22315
478 251 127 108 106 75 72 66 41 28 20659
177 137 128 100 22 19 17 15 15 14 22242
63 15 15 15 14 13 13 13 12 11 23785
430 338 221 219 93 81 78 30 22 19 21205
32 14 12 10 10 9 9 9 8 8 25079
111 68 35 25 17 17 17 16 16 15 21763
47 47 33 33 33 31 30 30 30 29 14351
20 15 14 14 14 13 13 13 13 13 22839
371 70 53 43 41 38 37 32 31 29 13682
37 29 29 29 28 26 26 25 24 22 17586
16 14 13 12 12 12 11 11 11 11 22676
21 20 18 18 15 14 14 14 13 13 22334
31 28 20 20 19 18 18 17 17 17 20753
75 68 66 59 58 58 54 54 52 52 10922
274 174 146 90 78 22 21 19 19 19 19451
65 38 32 24 22 21 19 19 17 17 21969
358 105 70 53 35 20 18 18 18 18 19904
269 231 201 167 112 96 82 78 77 70 20161
101 25 19 16 15 14 14 13 13 13 24417
197 182 65 51 41 41 40 39 34 32 20168
62 49 48 42 40 40 40 34 34 33 11668
36 35 25 20 20 19 19 17 17 17 21050
230 45 20 14 14 12 12 11 11 11 24596
349 340 272 208 167 156 147 122 114 107 18629
335 334 270 223 216 196 114 101 93 47 19507
583 499 373 367 234 199 192 142 56 46 18968
419 172 133 24 22 19 17 14 14 14 24274
63 57 38 35 34 31 29 27 27 26 15778
65 20 19 19 18 18 16 16 16 16 21044
65 64 45 37 37 34 33 33 32 32 16214
55 36 35 35 34 32 32 31 31 30 16152
30 28 27 27 26 25 25 25 25 25 11710
21 10 10 8 8 8 8 8 8 8 24530
983 25 25 24 22 22 21 21 21 21 19144
34 18 17 16 16 16 16 15 15 15 20854
305 37 30 30 26 24 24 21 21 20 16617
33 28 28 27 25 25 24 24 23 23 19119
21 16 14 13 13 12 12 12 12 11 23439
27 25 22 20 19 17 17 16 15 15 19250
202 73 26 19 19 18 17 17 16 16 20342
439 328 169 77 19 18 18 17 15 15 20422
31 19 17 16 16 15 14 13 13 13 21425
71 33 24 19 17 15 15 14 14 13 22208
55 50 35 32 28 27 26 26 26 26 12397
82 28 28 26 23 23 22 20 20 19 21442
310 25 25 24 23 23 21 21 20 20 18292
317 45 36 35 27 25 24 23 22 21 20253
216 160 79 28 24 23 22 22 21 20 18631
299 148 120 103 92 87 84 78 76 76 13870
276 155 98 74 25 23 22 21 19 19 17583
39 28 18 17 16 16 15 15 14 13 21606
465 47 29 27 26 24 23 22 22 21 20776
128 113 60 53 35 32 26 26 25 24 20046
80 55 52 47 27 25 25 24 23 23 16123
168 155 112 96 67 65 55 54 52 49 21266
104 41 35 31 30 27 26 25 24 23 20153
582 282 197 191 147 101 99 93 89 80 19040
234 150 80 42 30 29 23 22 20 20 19602
494 84 83 54 37 26 24 24 24 23 19465
139 94 31 19 18 17 13 13 13 13 22976
30 30 27 22 21 20 19 18 18 18 18750
19 14 14 14 13 12 12 12 12 12 20634
210 18 15 15 14 14 14 14 13 13 20450
476 124 109 77 77 60 54 51 48 41 17557
345 334 237 63 48 40 38 38 36 35 12704
111 31 28 27 26 26 25 25 23 22 20097
31 30 29 27 20 20 20 20 18 18 19895
11 11 10 10 10 10 10 10 9 9 24134
21 19 18 16 15 13 13 13 13 12 23192
29 29 26 25 25 25 23 23 22 22 16871
91 19 18 18 17 17 17 16 16 15 21663
407 27 17 16 16 15 15 15 15 14 21821
14 14 11 11 10 10 10 10 9 9 24568
39 29 28 26 26 23 23 22 21 20 20695
35 26 20 20 18 18 17 17 17 15 23063
16 13 13 13 12 11 11 11 11 10 23746
256 18 17 17 16 14 14 13 13 13 21725
105 81 35 28 27 26 25 24 23 22 18130
219 18 15 15 15 14 13 13 12 12 22329
643 51 23 22 21 21 20 20 20 19 21676
758 207 199 196 195 194 178 173 168 164 4285
430 82 49 40 31 29 28 28 24 23 22527
348 341 73 37 25 19 17 17 16 15 20403
283 203 129 32 30 25 23 19 18 18 20294
722 200 128 122 77 49 48 46 42 38 16943
38 26 26 24 22 20 20 20 19 18 20010
53 24 19 18 17 16 16 16 15 15 21908
216 59 58 43 42 40 35 34 33 29 21068
120 78 76 76 76 76 75 74 73 69 8818
64 26 17 17 15 14 13 13 13 13 20463
71 70 41 39 19 18 15 15 14 14 24861
341 44 35 18 15 15 13 13 13 12 22751
25 17 15 14 13 13 13 13 12 12 21735
139 37 22 21 20 19 18 16 16 16 21370
169 66 58 50 49 49 49 48 45 45 12421
22 21 20 19 19 19 18 18 18 18 20469
653 36 29 28 27 25 24 23 22 21 17908
96 23 19 17 17 17 17 17 17 17 18614
110 63 44 23 20 19 18 17 17 17 20008
54 33 24 23 23 22 22 20 20 20 16381
106 15 14 13 13 13 13 12 11 11 21912
19 16 12 11 10 10 10 10 10 10 24386
35 26 23 22 19 18 18 16 16 14 20497
60 33 32 22 19 19 18 17 17 16 24189
13 12 11 10 10 10 10 10 10 9 24228
187 120 90 83 64 61 59 53 44 39 17274
85 71 57 44 34 30 29 23 21 20 21888
292 191 16 13 13 13 12 11 11 11 24167
479 72 58 38 33 30 26 26 25 24 22062
129 103 101 85 48 37 36 34 33 26 20823
19 18 17 15 15 15 14 14 14 13 22121
115 22 20 17 15 15 15 15 14 14 20994
31 11 11 11 11 10 9 9 9 9 24398
18 16 16 15 15 14 14 13 13 13 20596
28 19 17 15 14 14 14 13 13 13 21883
20 16 15 15 14 14 13 13 13 12 21857
26 16 16 16 16 15 15 15 15 15 20393
122 43 42 42 37 34 31 31 31 30 13252
43 37 35 34 33 30 30 29 27 27 17324
125 85 49 20 20 18 16 16 15 15 22023
17 15 13 13 12 12 12 12 12 12 22913
147 70 38 31 31 29 29 28 27 27 22656
41 22 20 19 16 16 15 15 15 15 20801
97 26 22 22 21 21 21 19 19 18 16379
184 36 25 24 23 23 22 20 20 19 18911
33 31 30 30 23 23 23 23 23 22 12214
40 38 36 35 32 31 26 24 23 22 16812
482 291 51 50 19 15 14 14 13 13 18826
113 108 103 91 49 48 43 29 26 25 22841
21 19 19 18 17 16 16 16 15 15 21146
180 39 15 13 13 12 12 11 11 11 22444
87 67 46 36 23 22 20 17 16 15 20824
28 25 19 17 16 16 16 16 16 16 16837
129 123 116 66 62 61 55 48 45 42 15605
53 32 32 20 16 14 14 14 14 14 22723
353 229 91 51 34 33 33 28 28 28 18440
301 140 132 62 47 43 40 30 29 29 19610
46 44 39 36 34 32 32 30 30 30 16984
116 30 26 23 21 21 21 19 17 17 20822
18 16 16 15 15 15 15 14 13 13 21785
479 89 61 58 47 46 36 34 33 31 13654
33 31 30 28 26 25 23 22 21 20 16473
142 115 113 101 90 82 77 74 73 71 9982
15 15 14 14 13 13 13 13 12 12 22905
181 31 16 14 14 14 14 13 13 13 22926
18 18 17 17 16 16 14 14 14 14 20750
84 84 65 60 48 41 38 38 33 33 17395
81 23 22 18 17 17 16 15 15 15 21942
206 22 19 17 17 17 16 16 16 15 22741
55 19 17 17 15 14 13 13 12 12 21847
12 11 9 9 9 9 9 8 8 8 25165
108 96 40 20 13 13 11 11 11 10 25476
54 40 36 36 34 33 32 32 31 28 18169
78 64 54 49 49 48 47 47 46 46 11462
48 45 38 38 37 36 34 33 32 31 17516
54 53 28 21 16 15 15 15 15 14 23262
411 97 65 51 50 38 35 34 33 32 14228
346 23 17 14 14 14 14 14 14 13 21539
159 142 100 91 87 85 85 69 67 66 22241
61 52 24 20 19 18 17 14 14 14 22623
213 112 109 105 83 54 43 42 36 35 19941
467 188 167 127 66 38 35 24 23 19 22631
440 142 99 66 52 42 39 35 33 31 18913
161 72 51 51 34 33 29 28 27 25 15466
27 18 17 13 12 12 11 11 11 11 23694
328 291 259 239 182 171 131 73 70 70 23154
227 138 100 74 20 19 17 16 15 15 23576
60 9 8 8 8 8 8 8 8 8 25133
213 167 97 83 11 9 8 8 8 7 25707
78 58 53 12 9 9 9 8 8 8 25250
474 175 163 40 35 30 29 29 25 24 15632
20 20 19 18 18 17 17 16 16 16 19693
103 16 15 15 14 14 14 13 12 12 20676
405 99 75 62 36 21 20 18 17 16 22653
624 118 52 41 20 19 17 16 16 16 23266
16 16 15 15 14 14 13 12 12 12 23432
36 18 16 15 14 13 12 12 12 12 20021
26 24 23 18 18 17 17 16 16 16 21374
90 87 31 30 28 27 24 24 22 21 20072
440 392 356 290 225 195 177 168 114 84 18750
93 60 46 44 44 44 34 34 34 30 19748
16 15 13 13 13 12 12 12 12 11 23022
50 36 20 19 17 16 15 15 15 15 20511
44 41 40 34 32 31 31 30 27 26 17200
41 27 27 26 26 25 25 23 22 22 20149
222 55 29 28 26 25 23 23 23 21 18299
40 15 15 14 13 13 13 13 13 12 22872
99 71 49 44 42 42 41 40 38 38 9035
25 23 23 21 21 21 20 20 20 18 16658
19 16 16 15 15 15 15 15 14 14 20091
33 19 19 16 16 15 15 15 14 14 22142
98 48 46 44 42 36 35 33 29 29 17503
109 97 33 28 19 18 18 16 16 14 23879
512 115 106 18 17 16 16 15 14 12 24702
36 24 19 19 16 16 16 16 16 15 22870
42 32 31 30 30 27 26 24 24 24 13854
31 15 13 13 11 11 11 10 10 10 23604
53 29 20 16 16 16 14 14 13 13 21478
141 92 40 40 38 32 31 31 29 29 17903
402 35 16 16 14 13 13 13 13 13 24414
84 34 30 29 27 17 16 16 16 15 22837
24 17 17 15 12 11 11 11 11 10 23510
29 26 25 21 19 19 19 19 19 18 23425
29 28 25 24 23 23 23 23 21 21 13863
527 153 127 79 73 70 66 55 37 30 21374
905 230 194 99 81 32 28 27 25 24 19636
24 17 17 16 16 16 16 15 15 15 22242
503 426 42 25 20 20 19 19 18 18 20765
478 23 23 22 20 18 17 16 16 16 20632
100 51 51 12 11 10 10 10 9 9 24955
407 385 381 368 363 358 265 219 196 178 4995
43 41 39 38 38 34 33 32 31 30 16437
611 173 144 76 46 41 39 34 34 32 19543
443 44 43 29 29 28 25 20 17 15 22662
75 23 21 19 17 16 15 13 13 13 23397
167 64 35 32 29 29 26 21 20 20 17223
46 45 41 38 33 33 32 32 30 29 15284
52 12 10 10 9 9 9 9 8 8 24186
33 15 15 14 13 12 12 12 11 11 22350
30 28 26 26 24 21 21 20 20 19 19621
54 46 32 30 25 22 18 17 16 15 22421
49 43 37 37 36 34 33 33 33 32 11284
27 24 22 21 20 20 20 20 20 20 18692
92 62 61 58 58 57 55 54 50 47 14455
53 27 23 22 21 21 21 20 19 19 21520
39 35 26 26 26 24 24 22 22 20 20050
56 38 38 30 29 28 27 27 25 25 13323
437 27 23 19 19 18 18 18 18 17 21958
404 15 15 14 14 13 13 13 13 12 21499
20 19 19 18 18 18 14 14 14 14 20399
126 34 26 20 18 18 17 15 15 14 21649
35 35 31 29 29 28 28 27 24 24 19229
196 31 28 27 25 24 22 21 21 20 18501
42 41 40 39 34 33 32 30 30 30 16402
348 26 24 23 23 22 22 22 22 21 19039
79 35 26 24 21 18 18 17 17 16 20103
265 190 177 47 37 31 26 21 18 14 23266
268 255 198 151 145 121 111 107 97 93 18882
22 22 20 19 16 15 12 11 11 11 23056
25 19 19 17 17 17 16 16 16 15 20782
140 39 19 18 18 17 17 17 16 16 17465
938 27 26 23 23 22 22 22 21 20 20038
26 24 18 18 16 16 16 16 16 16 20609
1004 66 43 14 13 11 10 10 9 9 24213
68 11 10 10 10 10 9 9 9 9 24601
137 35 34 22 20 19 19 19 18 18 19036
19 18 18 17 17 16 16 15 15 15 20394
287 225 108 88 86 79 32 30 26 15 23354
29 28 27 27 26 25 24 24 23 22 19678
183 20 20 19 19 18 18 15 15 14 22930
57 20 20 18 18 15 15 14 14 14 23399
24 23 22 20 20 20 19 19 17 17 21092
37 33 30 28 27 26 26 26 26 25 13391
28 27 26 25 23 19 18 17 16 16 20579
45 42 37 32 31 31 30 29 29 29 10344
64 57 55 51 41 39 39 38 36 35 18161
20 17 12 11 11 11 11 10 10 10 24110
11 11 11 10 9 9 9 9 9 9 23823
19 16 15 15 12 12 12 11 11 11 23668
181 59 46 45 45 41 39 39 38 37 9975
44 42 40 37 36 32 31 31 30 29 17131
37 32 28 26 25 23 22 22 22 21 21122
68 29 21 20 19 19 18 17 17 16 20500
24 23 21 18 18 17 17 17 16 16 16960
40 29 26 24 22 21 21 21 21 20 19009
20 19 17 15 14 14 14 13 13 13 21660
24 20 19 16 15 15 14 14 14 14 21536
36 24 22 20 19 19 19 17 17 17 21285
129 79 25 22 20 19 16 16 15 15 20744
233 79 70 62 57 56 52 52 46 46 17749
72 72 54 52 45 42 42 39 38 38 14534
65 65 56 55 52 51 51 48 47 47 15198
18 17 17 16 16 16 15 15 15 15 22084
88 19 15 15 14 14 13 13 13 12 21223
161 14 14 14 13 13 13 13 13 13 22877
164 16 14 14 13 13 13 13 13 12 22563
23 20 19 17 14 14 13 13 12 12 22917
18 17 16 16 15 15 14 14 14 14 22501
26 25 23 22 21 21 21 20 19 18 18439
239 24 23 21 21 19 19 19 19 18 19994
22 22 20 19 19 18 18 17 17 16 21428
48 43 39 37 32 25 24 23 21 21 22340
547 20 15 14 13 13 13 13 13 13 22756
14 14 12 12 12 12 11 11 11 11 22046
85 76 63 54 53 45 42 42 35 35 16546
11 11 11 10 10 10 10 10 9 9 23951
32 24 20 20 18 18 18 17 16 16 18992
50 21 19 18 17 16 16 16 16 16 18323
93 66 54 45 42 41 39 35 35 34 15866
16 14 14 14 14 14 14 13 13 13 22428
30 28 26 24 24 22 21 20 20 19 19767
30 25 20 19 19 19 19 18 18 17 20731
36 21 21 20 20 18 18 18 17 17 20387
24 20 19 18 18 18 18 17 16 16 20944
46 43 33 33 33 32 32 31 31 31 10470
133 112 36 34 32 28 28 27 25 24 20583
91 74 28 24 18 16 16 15 15 15 21623
47 21 20 18 18 17 17 17 17 17 19459
65 43 42 22 21 20 20 19 18 18 20413
75 72 32 26 22 22 20 20 19 19 21251
107 80 64 54 50 46 42 40 40 38 15081
89 88 84 72 68 65 62 59 58 56 9928
88 40 34 27 26 22 21 20 20 18 21365
51 27 27 26 25 24 24 23 22 22 21470
18 13 13 12 12 11 11 11 11 11 23306
97 19 16 15 13 13 13 13 12 12 22372
78 71 32 28 22 22 22 21 20 19 19556
419 199 113 60 41 38 36 33 32 31 17960
29 17 15 14 13 13 12 12 12 12 23988
434 46 32 24 23 22 17 17 16 15 21839
21 19 16 15 15 14 14 13 13 13 22751
75 55 46 46 45 45 44 44 43 40 11668
575 18 15 15 15 14 14 14 12 12 21459
30 25 20 18 17 16 16 16 15 15 21346
79 73 12 12 12 11 11 11 10 10 23874
58 22 21 17 17 16 16 15 14 14 21691
81 38 32 30 30 28 25 23 20 20 21242
14 13 13 12 11 11 11 11 11 11 24029
596 141 119 108 103 102 89 75 75 74 15268
331 33 30 26 24 23 22 21 21 20 16818
97 78 27 23 22 22 21 18 18 17 22564
41 29 25 18 18 17 17 15 13 12 23213
125 90 78 50 35 35 32 31 30 30 16836
139 36 11 9 9 9 9 8 8 8 24822
225 25 23 21 19 18 18 18 18 17 18520
36 35 33 33 32 30 28 26 25 25 17893
50 44 34 31 29 29 28 23 22 22 18912
384 124 105 48 31 28 28 23 22 21 20328
29 19 13 12 11 10 10 10 10 9 24398
244 86 20 20 18 17 17 14 14 13 21806
29 26 22 22 21 21 21 20 20 20 19482
19 19 17 13 13 12 12 12 11 11 23508
310 221 159 83 53 44 27 23 19 18 22627
403 96 38 15 15 14 13 12 12 12 23179
107 57 44 27 24 24 22 22 21 20 17893
25 22 16 16 16 15 13 13 13 13 22234
79 58 37 37 37 35 34 33 33 32 18037
29 25 21 20 19 19 18 17 16 15 20427
65 22 20 18 18 17 17 17 17 16 21222
19 19 17 17 17 16 16 16 16 15 19097
307 22 21 16 15 15 14 14 13 13 22458
46 45 42 41 40 39 38 37 35 33 15907
116 91 82 47 27 27 25 24 24 24 15685
93 87 43 40 39 39 36 32 31 29 12859
38 27 21 19 17 16 16 15 14 13 23006
153 122 108 91 81 69 59 54 51 51 21573
20 15 15 12 11 10 10 10 10 10 23286
103 67 51 35 32 27 27 24 23 23 22635
47 27 26 25 25 24 23 23 21 21 17599
163 36 30 29 27 25 23 23 23 22 15491
464 26 25 25 19 19 18 18 18 18 19689
229 68 32 23 22 21 20 20 19 17 19961
33 31 27 26 25 25 25 24 20 19 20024
24 23 23 21 18 18 18 17 17 16 20945
54 35 33 32 29 28 28 28 27 27 12342
30 29 26 25 24 24 23 23 23 22 14577
81 27 25 20 17 16 15 15 13 13 22419
100 85 62 40 35 35 33 31 25 24 20622
27 18 15 14 14 14 13 12 12 12 21849
138 109 18 17 15 15 14 14 14 13 21853
19 17 16 15 15 15 15 15 14 14 20708
21 19 19 18 18 18 18 17 16 16 20535
86 26 17 17 17 15 14 13 13 12 22840
24 21 17 17 16 16 16 15 15 14 21100
107 30 17 16 15 13 13 13 12 12 23618
114 50 36 32 30 30 28 27 27 27 18673
18 16 16 15 12 12 12 11 11 11 21718
74 51 36 35 33 31 20 20 19 19 21165
75 27 24 22 19 17 16 15 14 13 21229
37 16 14 14 13 13 13 12 12 12 22828
512 49 43 40 31 31 30 29 28 27 19515
96 59 59 59 56 55 54 54 54 52 14706
26 25 18 18 17 17 14 14 14 14 23454
577 28 23 21 19 18 18 17 17 16 21980
39 33 28 23 19 18 18 17 17 16 21468
19 16 15 15 15 15 14 14 14 13 21801
79 39 37 31 31 26 25 24 24 24 20255
449 27 22 21 20 20 17 16 16 16 19812
155 53 42 42 41 41 38 30 26 25 19611
198 134 128 122 114 108 99 97 96 90 7811
255 123 98 71 70 35 33 25 22 18 22135
251 183 56 54 41 38 36 36 35 27 20260
42 18 17 16 15 14 14 12 12 12 22646
57 31 18 18 17 16 16 14 14 14 25161
40 33 32 29 28 27 27 26 26 26 13571
32 25 24 23 21 20 19 19 18 18 18425
74 71 68 67 66 65 63 61 61 60 16072
85 23 17 17 16 15 12 12 12 12 22482
243 159 85 41 31 31 29 29 28 27 18868
115 112 76 70 65 55 45 44 41 38 14938
37 16 14 14 13 13 13 13 12 12 23606
95 24 21 15 14 13 13 12 12 12 23152
233 170 155 32 15 15 15 15 14 13 22032
1033 39 13 13 13 13 13 12 12 12 22023
69 42 22 22 12 12 11 11 11 11 22351
33 27 25 24 24 23 23 23 23 22 17712
16 15 14 14 14 13 13 12 11 11 23611
29 22 20 19 18 17 17 16 16 15 20785
15 14 13 13 13 12 12 12 12 11 22500
18 18 17 15 15 14 14 14 13 13 20145
23 20 17 16 16 16 15 15 15 14 20140
37 19 19 18 17 16 16 15 14 14 19502
17 15 15 15 15 13 13 13 12 12 22327
125 23 22 22 21 20 19 19 19 18 19621
27 24 22 19 18 16 16 16 14 14 22127
274 43 38 36 32 32 31 30 30 30 17751
79 47 32 21 20 18 17 17 16 15 21925
290 39 32 26 25 25 24 22 20 20 21215
70 32 27 27 26 25 24 21 21 21 20350
44 36 35 35 34 33 33 33 33 32 13189
42 36 35 28 27 26 26 25 24 24 17415
24 18 15 14 14 13 13 13 12 11 21474
176 121 118 37 36 29 24 23 22 21 20630
93 36 35 33 31 29 26 22 18 16 24229
43 14 14 14 14 14 14 13 13 13 21893
106 72 42 35 19 19 17 17 15 14 21908
35 19 19 18 17 17 17 17 16 16 21746
353 18 18 18 17 16 16 15 15 14 23008
141 125 77 47 44 44 36 32 31 28 22459
202 46 46 38 36 35 33 28 27 25 23647
210 14 13 13 13 13 13 13 12 12 22257
78 68 66 64 61 60 57 56 54 54 7752
174 169 151 86 72 45 40 33 33 32 18285
59 46 42 28 26 23 23 22 22 21 17877
53 50 44 38 37 36 34 32 31 31 22027
77 61 13 12 12 11 11 11 11 10 24098
279 31 30 24 23 20 19 19 19 18 19011
59 19 17 17 16 16 16 16 15 15 20297
39 30 13 12 12 12 11 11 11 11 23269
59 30 27 22 22 20 16 16 16 16 19167
127 26 26 25 24 23 23 23 21 20 17497
58 36 20 20 18 18 17 16 16 16 20574
42 22 21 20 20 20 20 19 19 19 15606
19 17 17 16 16 15 14 14 14 14 22196
313 29 20 19 18 18 17 17 16 16 23513
27 26 24 22 21 21 20 19 19 19 18244
335 107 99 91 80 77 66 60 35 33 20939
18 15 15 14 14 13 13 13 13 13 20878
67 21 20 18 17 17 16 16 16 16 18822
172 79 30 23 19 18 17 17 17 16 20186
122 12 11 11 10 9 9 9 9 8 24263
25 22 19 17 16 15 15 15 15 15 20493
184 37 36 35 35 30 30 28 26 26 14948
50 24 19 19 17 16 16 16 16 15 20018
30 29 25 24 24 24 23 21 20 20 16744
48 37 28 23 23 22 22 22 22 21 22032
214 81 22 19 18 17 15 15 14 13 22880
28 16 14 14 13 13 13 13 13 12 22117
26 24 24 24 23 22 22 21 20 19 17181
228 105 63 56 52 44 41 41 39 38 16271
38 13 13 12 12 12 12 11 11 11 23055
51 37 32 30 28 27 24 24 24 23 20892
34 26 24 22 20 19 18 17 17 17 20008
160 39 29 27 25 25 25 23 21 21 17627
69 58 30 27 23 18 18 17 17 17 22069
198 117 113 89 57 51 50 40 38 35 18759
215 188 143 93 47 38 36 34 32 28 17182
129 59 41 29 26 26 26 24 24 24 20247
562 149 128 123 122 97 68 65 62 56 19806
64 20 20 19 19 18 18 17 17 16 21060
89 17 17 16 16 16 16 15 14 14 20697
95 56 54 53 47 45 45 43 36 35 16996
37 31 24 21 20 19 19 18 18 18 17487
