1 1500 12 
193 23110
179 23108
258 23158
288 21432
301 14771
40 24299
46 21284
214 16965
332 15797
365 14917
323 13626
506 15887
112 15639
228 20559
312 22565
190 20785
83 14721
11 24518
13 22838
20 22430
44 19592
98 11665
39 22274
20 23908
245 21458
439 14847
62 17282
22 22787
11 24540
174 24478
128 23066
29 22255
343 21994
66 22747
124 19023
33 22690
15 23450
54 9657
18 23235
337 19278
136 18858
131 18495
362 19036
100 22462
33 13047
128 18588
54 22359
263 18872
157 17588
210 23277
334 22112
24 21171
38 18972
29 19468
182 20668
234 23577
37 17037
44 21388
227 18798
74 24145
17 22718
29 20823
75 19289
156 21981
141 17395
861 19662
38 14915
109 20671
102 24579
33 20211
74 13344
333 19676
302 16800
10 25266
89 22278
43 19104
314 20633
164 15881
60 23585
15 24036
19 22847
26 21308
36 19743
57 17057
16 23325
25 23091
162 20171
172 17185
28 24358
43 17241
30 20180
73 23761
233 22924
277 23088
45 16330
219 21227
28 21736
87 19784
109 20942
151 18510
61 21879
30 17118
67 20794
72 21265
43 21084
148 20958
196 23439
197 20817
19 23839
22 22168
45 20382
347 20039
30 22759
662 21372
135 24854
503 20468
445 22001
84 24545
109 9796
28 18667
38 18974
20 21257
33 22015
51 22026
80 19819
40 23194
90 22856
244 20725
38 17011
282 20709
195 12194
122 12628
46 19762
57 24473
40 15960
20 22233
217 18082
20 23859
33 20353
18 22843
510 22722
42 19678
29 12949
83 18716
56 21473
30 11007
95 23708
33 20905
21 21612
41 21216
272 21088
63 12898
41 16235
16 23464
61 23389
206 23479
33 17435
845 21698
165 10564
30 15878
37 18665
83 24419
571 22363
21 20593
213 12411
18 21317
45 20942
18 22255
629 14932
57 18979
26 19604
54 23739
536 14851
46 23952
106 23652
60 22085
128 20511
21 22409
47 18840
128 22684
46 22646
447 18970
19 21808
161 14281
1215 21434
48 13614
47 15353
67 20956
122 19221
153 20533
49 24882
97 14874
38 16466
335 20584
414 23251
15 23876
478 24005
130 22479
194 22647
115 20182
87 19344
94 20416
352 21128
167 17955
295 22983
41 20213
278 14854
40 14989
33 21539
14 23128
28 16366
14 23363
305 21168
71 15494
279 20000
505 22254
485 12954
69 19463
302 20918
84 21668
67 22189
403 23156
82 24334
105 7848
133 12894
30 18809
18 17375
254 20761
236 20439
41 21460
20 21513
70 13115
52 13892
15 23199
18 20935
32 12357
35 11622
57 23617
67 20539
23 21309
280 20631
62 18797
33 21173
68 15442
16 21930
472 16978
31 16151
31 23603
56 18553
22 23971
19 22915
263 17551
447 20569
37 15444
51 19128
53 20915
77 21697
298 23319
86 20256
489 15034
28 17353
32 17254
80 23175
53 19064
146 7789
153 20340
59 19148
18 24295
123 19935
75 12097
95 17296
45 22615
152 22547
431 16520
91 22445
34 21589
131 20741
262 19946
59 22360
29 19862
284 18520
302 23077
70 9632
94 20927
67 16709
90 17971
25 17475
38 23713
39 18491
29 15566
66 19269
48 9640
96 19526
59 22638
337 21936
72 14253
432 19352
62 10048
539 17165
154 18921
109 24468
564 18938
119 15835
12 23389
22 18486
34 19893
27 22752
26 18681
18 22497
98 20420
84 14382
29 20988
23 19342
40 15425
311 21863
17 21178
29 20453
351 19028
25 16331
47 24686
45 21210
123 20989
203 23058
159 23367
1082 22087
1140 19235
14 24359
18 22844
84 8326
126 7892
22 22129
312 18748
20 21310
101 7846
13 23233
23 20877
328 21433
21 21038
22 20775
127 20410
207 20740
146 14627
54 17929
664 20833
23 17244
68 20356
315 22889
67 21737
109 18960
333 20055
55 18077
23 19233
75 24498
80 23530
89 22776
90 13399
136 22648
174 18144
252 18842
25 21398
813 15152
17 22659
31 19938
546 18367
81 22039
94 22801
70 23270
695 16486
202 19335
12 24719
35 20457
94 24475
23 21947
51 18136
504 16019
119 23248
76 22401
29 16015
106 22443
168 21203
162 16614
120 16191
22 18790
31 10739
167 22309
37 17283
99 20800
58 21025
54 15291
173 20143
460 23730
40 12081
21 22316
39 20651
273 17879
38 22464
81 22563
52 18317
299 18760
105 21906
57 14116
103 22611
18 20056
97 23635
20 20945
21 19643
65 20035
1056 10307
27 19690
41 21871
60 23449
42 19969
14 23989
163 13249
55 16989
299 23597
453 24366
247 21786
21 24050
43 21016
261 22646
141 22092
106 24718
162 23749
71 18003
63 22946
332 20892
423 22159
465 19866
109 22989
35 20442
24 23208
48 17837
100 20988
120 17081
42 13916
353 19115
90 19358
165 21355
20 23779
183 18054
462 12707
323 23405
21 17895
29 18288
28 18842
20 21949
155 22825
45 17285
36 22652
26 23728
481 22793
18 20727
852 14616
77 18039
328 14130
37 23119
29 21544
84 13642
99 13932
344 12268
14 22594
104 21722
66 9931
13 23236
83 17004
267 19555
71 24231
359 18684
37 20931
43 15458
38 15678
38 18288
28 19299
26 21410
195 15270
22 22353
394 18605
77 21884
25 18711
41 24102
67 16078
18 22436
265 20930
167 2301
167 2301
35 20817
286 16438
359 15257
376 18865
352 20400
67 23411
12 23460
77 21820
223 22733
449 24803
372 21448
45 17015
77 25093
271 19272
27 20316
88 14743
129 21737
187 18011
136 16303
308 20698
52 13821
181 24126
586 25632
19 22563
18 22126
19 22625
280 19283
111 13725
26 22344
11 24220
153 21164
81 20673
30 18305
104 22579
35 17001
30 21152
90 18077
107 10776
75 20326
33 18639
145 20500
204 22788
756 17510
242 23949
657 20143
126 23191
23 17637
91 20660
64 17480
32 18148
58 22315
478 20659
177 22242
63 23785
430 21205
32 25079
111 21763
47 14351
20 22839
371 13682
37 17586
16 22676
21 22334
31 20753
75 10922
274 19451
65 21969
358 19904
269 20161
101 24417
197 20168
62 11668
36 21050
230 24596
349 18629
335 19507
583 18968
419 24274
63 15778
65 21044
65 16214
55 16152
30 11710
21 24530
983 19144
34 20854
305 16617
33 19119
21 23439
27 19250
202 20342
439 20422
31 21425
71 22208
55 12397
82 21442
310 18292
317 20253
216 18631
299 13870
276 17583
39 21606
465 20776
128 20046
80 16123
168 21266
104 20153
582 19040
234 19602
494 19465
139 22976
30 18750
19 20634
210 20450
476 17557
345 12704
111 20097
31 19895
11 24134
21 23192
29 16871
91 21663
407 21821
14 24568
39 20695
35 23063
16 23746
256 21725
105 18130
219 22329
643 21676
758 4285
430 22527
348 20403
283 20294
722 16943
38 20010
53 21908
216 21068
120 8818
64 20463
71 24861
341 22751
25 21735
139 21370
169 12421
22 20469
653 17908
96 18614
110 20008
54 16381
106 21912
19 24386
35 20497
60 24189
13 24228
187 17274
85 21888
292 24167
479 22062
129 20823
19 22121
115 20994
31 24398
18 20596
28 21883
20 21857
26 20393
122 13252
43 17324
125 22023
17 22913
147 22656
41 20801
97 16379
184 18911
33 12214
40 16812
482 18826
113 22841
21 21146
180 22444
87 20824
28 16837
129 15605
53 22723
353 18440
301 19610
46 16984
116 20822
18 21785
479 13654
33 16473
142 9982
15 22905
181 22926
18 20750
84 17395
81 21942
206 22741
55 21847
12 25165
108 25476
54 18169
78 11462
48 17516
54 23262
411 14228
346 21539
159 22241
61 22623
213 19941
467 22631
440 18913
161 15466
27 23694
328 23154
227 23576
60 25133
213 25707
78 25250
474 15632
20 19693
103 20676
405 22653
624 23266
16 23432
36 20021
26 21374
90 20072
440 18750
93 19748
16 23022
50 20511
44 17200
41 20149
222 18299
40 22872
99 9035
25 16658
19 20091
33 22142
98 17503
109 23879
512 24702
36 22870
42 13854
31 23604
53 21478
141 17903
402 24414
84 22837
24 23510
29 23425
29 13863
527 21374
905 19636
24 22242
503 20765
478 20632
100 24955
407 4995
43 16437
611 19543
443 22662
75 23397
167 17223
46 15284
52 24186
33 22350
30 19621
54 22421
49 11284
27 18692
92 14455
53 21520
39 20050
56 13323
437 21958
404 21499
20 20399
126 21649
35 19229
196 18501
42 16402
348 19039
79 20103
265 23266
268 18882
22 23056
25 20782
140 17465
938 20038
26 20609
1004 24213
68 24601
137 19036
19 20394
287 23354
29 19678
183 22930
57 23399
24 21092
37 13391
28 20579
45 10344
64 18161
20 24110
11 23823
19 23668
181 9975
44 17131
37 21122
68 20500
24 16960
40 19009
20 21660
24 21536
36 21285
129 20744
233 17749
72 14534
65 15198
18 22084
88 21223
161 22877
164 22563
23 22917
18 22501
26 18439
239 19994
22 21428
48 22340
547 22756
14 22046
85 16546
11 23951
32 18992
50 18323
93 15866
16 22428
30 19767
30 20731
36 20387
24 20944
46 10470
133 20583
91 21623
47 19459
65 20413
75 21251
107 15081
89 9928
88 21365
51 21470
18 23306
97 22372
78 19556
419 17960
29 23988
434 21839
21 22751
75 11668
575 21459
30 21346
79 23874
58 21691
81 21242
14 24029
596 15268
331 16818
97 22564
41 23213
125 16836
139 24822
225 18520
36 17893
50 18912
384 20328
29 24398
244 21806
29 19482
19 23508
310 22627
403 23179
107 17893
25 22234
79 18037
29 20427
65 21222
19 19097
307 22458
46 15907
116 15685
93 12859
38 23006
153 21573
20 23286
103 22635
47 17599
163 15491
464 19689
229 19961
33 20024
24 20945
54 12342
30 14577
81 22419
100 20622
27 21849
138 21853
19 20708
21 20535
86 22840
24 21100
107 23618
114 18673
18 21718
74 21165
75 21229
37 22828
512 19515
96 14706
26 23454
577 21980
39 21468
19 21801
79 20255
449 19812
155 19611
198 7811
255 22135
251 20260
42 22646
57 25161
40 13571
32 18425
74 16072
85 22482
243 18868
115 14938
37 23606
95 23152
233 22032
1033 22023
69 22351
33 17712
16 23611
29 20785
15 22500
18 20145
23 20140
37 19502
17 22327
125 19621
27 22127
274 17751
79 21925
290 21215
70 20350
44 13189
42 17415
24 21474
176 20630
93 24229
43 21893
106 21908
35 21746
353 23008
141 22459
202 23647
210 22257
78 7752
174 18285
59 17877
53 22027
77 24098
279 19011
59 20297
39 23269
59 19167
127 17497
58 20574
42 15606
19 22196
313 23513
27 18244
335 20939
18 20878
67 18822
172 20186
122 24263
25 20493
184 14948
50 20018
30 16744
48 22032
214 22880
28 22117
26 17181
228 16271
38 23055
51 20892
34 20008
160 17627
69 22069
198 18759
215 17182
129 20247
562 19806
64 21060
89 20697
95 16996
37 17487
