193 96 60 49 42 21 20 18 17 16 15 14 13 12 11 10 9 8 7 6 5 4 3 2 1 
179 125 113 94 42 22 20 17 16 14 13 12 11 10 9 8 7 6 5 4 3 2 1 
258 236 204 78 59 55 54 52 48 42 39 32 31 28 26 25 24 22 21 18 17 16 15 14 12 11 10 9 8 7 6 5 4 3 2 1 
288 41 16 15 14 13 12 11 10 9 8 7 6 5 4 3 2 1 
301 82 79 75 72 70 60 59 57 56 54 53 49 45 43 41 38 35 34 33 32 30 29 28 27 25 24 23 22 21 20 19 18 17 16 15 14 13 12 11 9 8 7 
40 12 9 8 7 6 5 4 3 2 1 
46 21 17 16 15 14 13 12 11 10 9 8 7 6 5 4 3 2 1 
214 32 31 25 21 20 19 18 17 16 15 14 13 12 11 10 9 8 7 6 5 4 3 2 1 
332 76 61 59 55 52 51 47 45 43 42 41 40 39 38 37 36 35 33 32 31 30 29 28 27 26 25 24 23 22 21 20 19 18 17 16 15 14 13 
365 92 84 63 60 55 51 47 44 43 42 39 37 36 35 34 33 32 31 30 28 27 26 25 24 23 22 21 20 19 18 17 16 15 14 13 12 11 6 
323 35 33 30 27 25 23 22 21 20 19 18 17 16 15 14 13 12 11 10 9 8 7 6 5 2 
506 66 65 63 58 57 54 53 52 50 48 44 43 41 40 39 38 37 35 34 33 32 31 30 29 28 27 26 25 24 23 22 21 20 19 18 17 16 15 14 13 12 11 10 9 
112 27 21 19 18 16 15 14 13 12 11 10 9 8 7 6 5 4 3 1 
228 29 17 13 12 11 10 9 8 7 6 5 4 3 2 1 
312 296 252 246 236 149 141 111 77 73 32 25 17 16 15 14 13 12 11 10 9 8 7 6 5 4 3 2 
190 160 142 122 105 95 77 70 62 54 53 50 41 36 33 27 22 20 19 18 16 15 14 13 12 11 10 9 8 7 6 5 4 3 2 1 
83 66 65 49 48 46 43 41 38 37 36 35 34 33 32 31 30 29 28 27 26 25 24 23 22 21 20 19 18 17 16 15 14 13 12 11 10 9 8 6 4 3 
10 8 7 6 5 4 3 2 1 
13 10 9 8 7 6 5 4 3 2 1 
19 17 16 15 13 10 9 8 7 6 5 4 3 2 1 
44 19 17 15 14 13 12 11 10 9 8 7 6 5 4 3 2 1 
98 89 82 77 76 74 73 69 67 60 55 54 53 51 49 47 46 45 44 42 40 39 38 37 36 34 33 32 31 30 29 28 27 26 25 24 23 22 21 18 17 16 15 14 12 11 
39 29 13 12 11 10 9 8 7 6 5 4 3 2 1 
20 9 8 7 6 5 4 3 2 1 
245 77 27 26 22 21 20 19 18 17 15 14 13 12 11 10 9 8 7 6 5 4 3 2 1 
439 78 63 54 51 45 43 42 41 40 37 36 35 32 31 30 29 28 27 26 25 24 23 21 20 18 17 16 15 14 13 12 11 10 9 8 7 6 5 4 
62 59 52 47 41 37 34 33 32 30 29 28 27 26 25 24 23 21 20 19 18 16 15 14 13 12 11 10 9 8 7 6 5 3 
17 16 14 13 12 11 10 8 7 6 5 4 3 2 1 
10 9 8 7 6 5 4 3 2 1 
174 78 60 53 52 48 43 34 30 26 25 19 16 15 14 10 9 8 7 6 5 4 3 2 1 
128 125 111 86 50 48 41 38 37 34 32 29 28 26 24 23 21 20 19 18 17 16 15 14 13 12 11 10 9 8 7 6 5 4 3 2 1 
29 22 21 20 18 15 14 13 12 11 10 9 8 7 6 5 4 3 2 1 
343 58 38 33 28 22 18 17 15 14 13 12 11 10 9 8 7 6 5 4 3 2 1 
41 26 23 19 12 11 10 9 8 7 6 5 4 3 2 1 
124 69 63 52 25 23 22 21 20 19 18 17 16 15 14 13 12 11 10 9 8 7 6 5 4 3 2 1 
22 19 18 17 15 14 13 12 11 10 9 8 7 6 5 4 3 2 1 
15 14 12 10 9 8 7 6 5 4 3 2 1 
54 47 44 43 42 41 37 35 33 32 31 28 27 26 25 24 23 22 21 20 19 18 17 16 15 14 13 12 11 10 9 8 7 4 
18 15 14 10 9 8 7 6 5 4 3 2 1 
337 38 31 29 28 25 24 23 22 20 19 18 17 16 15 14 13 12 11 10 9 8 7 6 5 4 3 2 
136 107 77 32 27 25 22 21 19 18 17 16 15 14 13 12 11 10 9 8 7 6 5 4 3 2 1 
131 104 102 86 30 29 27 20 19 17 16 14 13 12 11 10 9 8 7 6 5 4 3 2 
362 48 37 32 28 26 25 24 23 20 16 15 14 13 12 11 10 9 8 7 6 5 4 3 2 1 
100 18 17 16 13 12 11 10 9 8 7 6 5 4 3 2 1 
33 22 21 20 19 18 17 16 15 14 13 12 11 10 9 8 7 6 5 4 3 
128 28 22 19 18 17 16 15 13 12 11 10 9 8 7 6 5 4 3 2 1 
54 37 20 18 17 16 13 12 11 10 9 8 7 6 5 4 3 2 1 
263 63 16 15 13 11 10 9 8 7 6 5 4 3 2 1 
157 66 60 47 43 41 35 33 32 30 28 27 26 25 24 23 22 21 20 19 18 17 16 15 14 13 12 11 10 9 8 7 6 5 4 1 
210 14 13 12 11 10 9 8 7 6 5 4 3 2 1 
334 23 18 17 14 12 11 10 9 8 7 6 5 4 3 2 1 
17 16 14 13 12 11 10 9 8 7 6 5 4 3 2 1 
34 33 28 27 26 23 21 19 18 16 15 14 13 12 11 10 9 8 7 6 5 4 3 2 
29 26 24 23 19 16 15 14 13 12 11 10 9 8 7 6 5 4 3 2 1 
182 153 137 134 93 92 91 43 37 28 23 20 19 17 16 15 13 12 11 10 9 8 7 6 5 4 3 2 1 
234 98 68 56 27 26 20 17 16 11 10 9 8 7 6 5 4 3 2 1 
37 27 23 22 21 18 17 16 15 14 13 12 11 10 9 8 7 6 5 4 3 2 
44 18 16 15 14 13 12 11 10 9 8 7 6 5 4 3 2 1 
227 26 25 21 20 19 18 17 16 15 14 13 12 11 10 9 8 7 6 5 4 3 2 
74 13 11 9 8 7 6 5 4 3 2 1 
17 14 12 11 10 9 8 7 6 5 4 3 2 1 
15 14 13 12 11 10 9 8 7 6 5 4 3 2 1 
75 68 32 22 20 17 16 14 13 12 11 10 9 8 7 6 5 4 3 2 
156 69 22 12 11 10 9 8 7 6 5 4 3 2 1 
141 125 97 67 53 27 22 21 20 19 18 16 15 14 13 12 11 10 9 8 7 6 5 4 3 2 
861 55 34 23 22 21 20 19 18 17 16 15 14 13 12 11 10 9 8 7 6 5 4 
38 34 31 30 29 26 25 23 22 21 19 18 17 16 15 14 13 12 11 10 9 8 7 6 5 4 3 
109 20 19 17 16 15 14 13 12 11 10 9 8 7 6 5 4 3 2 1 
102 33 11 9 8 7 6 5 4 3 2 1 
33 29 20 18 17 16 15 14 12 11 10 9 8 7 6 5 4 3 2 1 
74 48 38 26 22 20 19 17 16 15 14 13 12 11 10 9 8 7 6 5 4 3 
333 307 77 24 20 16 15 14 13 12 11 10 9 8 7 6 5 4 3 2 
302 42 29 26 25 24 23 22 21 19 18 17 16 15 14 13 12 11 10 9 8 7 6 5 4 3 2 1 
10 9 8 7 6 5 4 3 2 1 
89 73 64 34 29 19 18 16 15 14 13 12 11 10 9 8 7 6 5 4 3 2 1 
43 35 34 33 32 24 20 19 18 17 16 15 14 13 12 11 10 9 8 7 6 5 4 3 2 1 
314 297 59 37 23 21 20 19 18 17 16 15 14 13 12 11 10 9 8 7 6 5 4 3 1 
164 82 63 62 61 54 53 44 42 41 40 38 37 36 35 34 33 32 31 30 29 28 26 25 24 23 22 21 20 19 18 17 16 15 14 13 12 11 
21 18 15 13 12 11 10 9 8 7 6 5 4 3 2 1 
9 8 7 6 5 4 3 2 1 
12 11 9 8 7 6 5 4 3 2 1 
26 19 17 16 14 12 11 10 9 8 7 6 5 4 3 2 1 
36 33 30 18 17 16 15 14 13 12 11 10 9 8 7 6 5 4 3 2 
57 55 36 35 34 33 32 31 30 28 27 26 25 24 23 22 21 20 19 18 17 16 15 14 13 12 11 10 9 8 7 6 5 4 2 
16 12 11 10 9 8 7 6 5 4 3 2 1 
25 21 18 13 12 11 10 9 8 7 6 5 4 3 2 1 
162 61 19 18 15 14 13 12 11 10 9 8 7 6 5 4 3 2 1 
172 34 29 28 25 23 22 21 20 19 18 17 16 15 14 13 12 11 10 9 8 7 6 5 4 3 
28 12 10 9 8 7 6 5 4 3 2 1 
38 30 29 27 25 24 23 22 21 20 19 18 17 16 15 14 13 12 11 10 9 8 7 6 5 
30 28 24 20 19 18 17 16 14 13 12 11 10 9 8 7 6 5 4 3 2 1 
73 19 14 11 10 9 8 7 6 5 4 3 2 1 
233 181 53 42 23 15 14 13 12 11 10 9 8 7 6 5 4 3 2 1 
277 189 76 23 19 15 14 13 11 10 9 8 7 6 5 4 3 2 1 
45 43 42 37 30 29 28 27 26 25 24 21 20 19 18 17 16 15 14 13 12 11 10 9 8 7 6 5 4 3 
219 55 21 20 17 16 15 14 12 11 10 9 8 7 6 5 4 3 2 1 
28 20 17 15 13 12 11 10 9 8 7 6 5 4 3 2 1 
87 36 19 18 17 16 15 14 13 12 11 10 9 8 7 6 5 4 3 2 1 
109 18 17 14 13 12 11 10 9 8 7 6 5 4 3 2 1 
151 30 22 20 19 18 17 16 15 14 13 12 11 10 9 8 7 6 5 4 3 2 
23 21 19 18 15 13 12 11 10 9 8 7 6 5 4 3 2 1 
30 25 20 19 18 16 15 14 13 12 11 10 9 8 7 6 5 4 3 1 
67 16 15 14 13 12 11 10 9 8 7 6 5 4 3 2 1 
72 56 37 33 24 20 19 18 16 15 14 12 11 10 9 8 7 6 5 4 3 2 1 
43 37 30 27 24 23 22 18 16 15 14 13 12 11 10 9 8 7 6 5 4 3 2 
148 144 143 122 98 96 85 83 76 63 41 36 34 20 17 14 13 12 11 10 9 8 7 6 5 4 3 2 1 
196 175 167 118 100 94 72 44 43 36 30 20 17 13 12 11 10 9 8 7 6 5 4 3 2 1 
197 174 135 130 115 109 21 15 13 12 11 10 9 8 7 6 5 4 3 2 1 
19 15 14 13 12 11 10 9 8 7 6 5 4 3 2 1 
22 12 11 10 9 8 7 6 5 4 3 2 1 
45 24 22 20 17 16 15 14 13 12 11 10 9 8 7 6 5 4 3 2 
347 24 22 20 17 15 13 11 10 9 8 7 6 5 4 3 2 1 
20 19 18 16 15 13 12 11 10 9 8 7 6 5 4 3 2 1 
662 30 29 28 27 25 24 23 22 21 20 19 18 17 16 15 14 13 12 11 10 9 8 7 6 5 4 3 2 
135 14 10 9 8 7 6 5 4 3 2 1 
503 34 31 29 28 26 25 24 23 22 20 19 18 17 16 15 14 13 12 11 10 9 8 7 6 5 4 3 1 
445 23 19 18 17 16 15 14 13 12 11 10 9 8 7 6 5 4 3 1 
84 13 10 9 8 7 6 5 4 3 2 1 
109 95 77 70 57 56 55 48 46 45 44 43 42 39 37 36 35 34 33 32 31 30 29 28 27 26 25 24 23 22 21 20 19 18 17 16 15 14 13 12 11 10 9 6 
28 23 22 21 20 18 16 15 14 13 12 11 10 9 8 7 6 5 4 3 2 1 
38 36 32 30 25 23 21 20 19 18 17 16 15 14 13 12 11 10 9 8 7 6 5 4 3 2 1 
20 17 16 15 14 13 12 11 10 9 8 7 6 5 4 3 2 1 
33 28 21 18 13 12 11 10 9 8 7 6 5 4 3 2 1 
51 20 15 13 12 11 10 9 8 7 6 5 4 3 2 1 
80 31 25 22 20 19 18 17 16 15 14 13 12 11 10 9 8 7 6 5 4 3 1 
40 16 14 10 9 8 7 6 5 4 3 2 1 
90 12 10 9 8 7 6 5 4 3 2 1 
244 52 43 16 15 14 13 11 10 9 8 7 6 5 4 3 2 1 
38 26 25 23 20 19 18 17 16 15 14 13 12 11 10 9 8 7 6 5 4 3 2 1 
282 32 21 19 18 17 16 15 13 11 10 9 8 7 6 5 4 3 2 1 
195 101 52 46 44 43 37 35 34 33 32 31 30 28 27 25 24 23 22 21 20 19 18 17 16 15 14 13 12 11 10 9 8 7 6 4 
122 71 62 44 39 38 36 35 34 32 31 30 29 28 27 26 25 24 23 22 21 20 19 18 17 16 15 14 13 12 11 10 9 8 6 5 4 3 
46 34 18 16 15 13 12 11 10 9 8 7 6 5 4 3 2 1 
57 10 9 8 7 6 5 4 3 2 1 
40 27 26 24 23 17 15 14 13 12 11 10 9 8 7 6 5 4 3 2 1 
20 17 16 13 12 11 10 9 8 7 6 5 4 3 2 1 
217 194 107 99 83 79 54 52 34 29 25 22 20 19 18 17 16 15 14 13 12 11 10 9 8 7 6 5 4 3 2 
20 15 13 12 11 10 9 8 7 6 5 4 3 2 1 
33 27 23 20 19 18 17 14 13 12 11 10 9 8 7 6 5 4 3 2 1 
18 9 8 7 6 5 4 3 2 1 
510 244 23 19 16 15 14 13 12 11 10 9 8 7 6 5 4 3 2 
42 35 29 23 22 21 19 17 16 15 14 13 12 11 10 9 8 7 6 5 4 3 2 1 
29 26 25 23 22 21 20 19 18 17 16 15 14 13 12 11 10 9 8 7 6 5 4 2 
83 18 16 13 11 10 9 8 7 6 5 4 3 2 1 
56 29 26 21 20 19 17 16 15 14 13 12 11 10 9 8 7 6 5 4 3 2 
30 28 27 24 23 22 21 20 19 18 17 16 15 14 13 12 11 10 9 8 7 6 5 
95 79 35 13 12 11 10 9 8 7 6 5 4 3 2 1 
33 29 26 18 16 15 14 13 12 11 10 9 8 7 6 5 4 3 
21 14 11 10 9 8 7 6 5 4 3 2 1 
41 23 19 17 16 15 14 13 12 11 10 9 8 7 6 5 4 3 2 1 
272 63 29 23 20 17 16 15 13 12 11 10 9 8 7 6 5 4 3 2 
63 55 53 52 50 47 45 43 41 40 39 38 37 36 35 34 33 32 31 30 29 28 27 26 25 24 23 22 21 20 19 18 17 16 15 14 13 12 11 10 9 8 
41 40 36 35 34 33 31 30 28 26 24 23 21 20 19 18 17 16 15 14 13 12 11 10 9 8 7 6 5 1 
12 11 9 8 7 6 5 4 3 2 1 
61 34 17 13 12 11 10 9 8 7 6 5 4 3 2 1 
206 44 38 11 10 9 8 7 6 5 4 3 2 1 
33 26 25 23 19 17 16 15 14 13 12 11 10 9 8 7 6 5 4 3 2 1 
845 40 20 19 18 17 15 14 13 12 11 10 9 8 7 6 5 4 3 2 
165 73 69 68 59 56 52 50 49 47 46 45 42 38 37 36 35 34 33 32 31 30 29 28 27 25 24 23 22 21 20 19 18 17 16 15 14 13 12 11 9 8 6 5 
30 29 25 23 22 21 19 18 17 16 15 14 13 12 11 10 9 8 7 6 5 4 3 2 
37 34 31 29 28 26 25 24 23 22 21 20 19 18 17 16 15 14 13 12 11 10 9 8 7 5 4 2 
83 68 17 12 9 8 7 6 5 4 3 2 1 
571 426 31 27 15 12 11 10 9 8 7 6 5 4 3 2 1 
21 19 15 14 13 12 11 10 9 8 7 6 5 4 3 2 1 
213 59 56 52 48 46 45 41 39 38 36 35 34 33 32 31 28 27 26 25 23 22 21 20 19 18 17 16 15 14 13 12 11 10 9 8 7 6 5 3 
18 17 15 13 12 11 10 9 8 7 6 5 4 3 2 1 
45 22 18 17 16 15 14 13 12 11 10 9 8 7 6 5 4 3 2 1 
12 11 10 9 8 7 6 5 4 3 2 1 
629 373 186 84 68 61 60 59 57 53 48 46 45 43 42 39 34 33 32 31 30 29 28 27 26 24 23 22 21 20 19 18 17 16 15 14 13 12 11 10 9 6 
57 39 34 33 28 24 20 19 17 16 15 14 13 12 11 10 9 8 7 6 5 4 3 2 1 
26 22 20 19 18 15 14 13 12 11 10 9 8 7 6 5 4 3 2 1 
54 50 21 20 19 17 16 11 10 9 8 7 6 5 4 3 2 1 
536 229 220 101 61 60 53 52 47 44 42 41 40 39 38 37 36 35 34 32 31 30 29 28 27 26 25 24 23 22 21 20 19 18 17 16 15 14 13 12 9 7 6 
46 14 13 12 11 10 9 8 7 6 5 4 3 2 1 
106 14 12 11 10 9 8 7 6 5 4 3 2 1 
60 54 36 31 13 12 11 10 9 8 7 6 5 4 3 2 1 
128 34 31 27 26 24 20 19 18 17 16 15 14 13 12 11 10 9 8 7 6 5 4 3 
21 20 18 15 13 12 11 10 9 8 7 6 5 4 3 2 1 
47 38 31 29 28 24 23 22 21 20 19 18 17 16 15 14 13 12 11 10 9 8 7 6 5 4 3 2 
128 29 27 21 16 13 12 11 10 9 8 7 6 5 4 3 2 1 
46 25 24 19 17 15 14 13 12 11 10 9 8 7 6 5 4 3 2 1 
447 47 43 36 27 25 21 20 19 18 17 15 14 13 12 11 10 9 8 7 6 5 4 3 2 1 
19 15 13 12 11 10 9 8 7 6 5 4 3 2 1 
161 123 116 111 105 84 80 70 67 66 60 59 58 57 56 54 53 51 50 47 46 45 42 41 39 38 37 35 34 33 32 31 30 29 28 27 26 25 24 23 22 21 20 19 18 17 16 15 14 13 12 11 7 
1215 119 26 22 21 18 17 16 15 14 13 12 11 10 9 8 7 6 5 4 3 
48 31 30 29 27 24 23 22 21 20 19 18 15 14 13 12 11 10 9 8 7 6 5 4 3 2 
47 33 32 28 27 24 22 21 20 19 18 17 16 15 13 12 11 10 9 8 7 6 5 4 3 1 
67 41 20 18 17 16 15 14 12 11 10 9 8 7 6 5 4 3 2 1 
122 115 110 105 76 63 61 54 52 51 47 42 33 32 30 29 28 24 22 21 19 18 17 16 15 14 13 12 11 10 9 8 7 6 5 4 3 2 1 
153 74 57 51 48 44 42 38 37 34 31 30 29 28 27 26 25 23 22 21 20 19 18 17 16 15 14 13 12 11 10 9 8 7 6 5 4 
49 17 9 8 7 6 5 4 3 2 1 
97 76 65 62 60 56 53 51 50 48 47 43 42 41 40 39 37 36 35 34 33 32 31 30 29 28 27 26 24 23 22 21 20 19 18 17 16 15 14 12 11 
38 35 33 32 31 30 29 28 27 26 25 24 23 22 21 20 19 18 17 16 15 14 13 12 11 10 9 8 7 6 5 3 
335 239 91 34 29 28 27 19 17 16 13 12 11 10 9 8 7 6 5 4 3 2 1 
414 22 19 16 15 14 13 12 10 9 8 7 6 5 4 3 2 1 
13 12 11 9 8 6 5 4 3 2 1 
478 32 30 10 9 8 7 6 5 4 3 2 1 
130 86 78 17 16 14 13 12 11 10 9 8 7 6 5 4 3 2 1 
194 116 71 67 44 25 20 14 12 11 9 8 7 6 5 4 3 2 1 
115 67 40 27 26 25 20 19 17 16 15 14 13 12 11 10 9 8 7 6 5 4 3 2 1 
87 68 67 36 24 20 19 18 17 16 15 14 13 12 11 10 9 8 7 6 5 4 3 2 1 
94 56 40 28 25 24 21 20 19 17 16 15 14 13 12 11 10 9 8 7 6 5 4 3 2 
352 46 32 27 25 22 21 19 18 17 16 15 14 13 12 11 10 9 8 7 6 5 4 3 1 
167 148 129 42 37 36 35 34 33 32 28 27 26 25 24 23 22 21 20 19 17 16 15 14 13 12 11 10 9 8 7 6 5 4 
295 187 145 134 120 88 87 82 75 64 56 50 48 38 20 18 13 11 10 9 8 7 6 5 4 3 2 1 
41 39 29 24 17 16 15 14 13 12 11 10 9 8 7 6 5 4 3 2 
278 34 28 27 21 20 18 17 16 15 14 13 12 11 10 9 8 7 6 5 4 3 2 
40 29 28 25 22 21 20 19 18 17 16 15 14 13 12 11 10 9 8 7 6 5 4 3 2 1 
33 22 18 16 14 12 11 10 9 8 7 6 5 4 3 2 1 
14 11 10 9 8 7 6 5 4 3 2 1 
27 23 20 19 18 17 16 15 14 13 12 11 10 9 8 7 6 5 4 3 2 
14 12 10 9 8 7 6 5 4 3 2 1 
305 17 13 12 11 10 9 8 7 6 5 4 3 2 1 
71 66 63 60 55 51 50 48 45 44 43 42 40 39 38 37 36 35 34 33 31 30 29 27 26 25 24 22 21 20 19 18 17 16 15 14 13 12 11 10 9 8 7 5 4 
279 119 23 21 16 14 13 12 11 10 9 8 7 6 5 4 3 2 1 
505 314 138 109 91 87 60 55 49 31 26 25 22 20 19 18 17 16 15 14 13 12 11 10 9 8 7 6 5 4 3 2 1 
485 135 88 84 56 47 46 42 41 40 35 34 33 32 31 30 29 28 27 26 25 24 23 22 21 20 19 18 17 16 15 14 13 12 11 10 7 6 
61 36 29 27 22 20 19 18 17 16 15 14 13 12 11 10 9 8 7 6 5 4 3 2 1 
302 166 105 100 90 52 16 15 14 13 12 11 10 9 8 7 6 5 4 3 2 1 
84 42 32 26 24 22 15 14 13 12 11 10 9 8 7 6 5 4 3 2 1 
67 29 25 21 17 15 14 13 12 11 10 9 8 7 6 5 4 3 2 1 
403 41 36 20 13 11 9 8 7 6 5 4 3 2 1 
82 49 22 12 9 8 7 6 5 4 3 2 1 
105 102 97 86 79 76 74 71 68 67 64 62 61 58 56 55 53 52 51 50 49 48 47 46 45 44 43 42 41 40 39 38 37 36 35 34 33 32 30 29 28 27 26 25 24 23 22 21 20 19 15 
133 93 73 71 68 65 63 59 56 55 49 48 45 42 40 39 38 36 35 34 33 32 30 29 28 27 26 25 24 23 22 21 20 19 18 17 16 15 14 13 12 11 10 6 
24 23 20 19 18 17 16 15 14 13 12 11 10 9 8 7 6 5 4 3 2 1 
18 17 15 14 13 12 11 10 9 8 7 6 5 4 3 2 1 
254 74 71 43 26 25 24 23 22 21 20 17 16 15 14 13 12 11 10 9 8 7 6 5 4 3 2 
236 171 92 79 78 71 68 65 60 59 58 52 51 47 46 42 40 37 36 35 34 33 29 25 24 22 21 20 19 18 17 16 15 14 13 12 11 10 9 8 7 6 5 4 3 2 1 
41 18 16 14 13 12 11 10 9 8 7 6 5 4 3 2 1 
19 18 17 16 15 14 13 12 11 10 9 8 7 6 5 4 3 1 
70 26 25 24 23 22 21 20 19 18 17 16 15 14 13 12 11 10 9 8 7 6 5 4 3 2 
43 41 40 38 36 33 32 30 29 28 26 23 22 21 20 19 18 17 16 15 14 13 12 11 10 9 8 7 6 5 4 3 2 
15 13 12 10 9 8 7 6 5 4 3 2 1 
18 17 16 15 14 13 12 11 10 9 8 7 6 5 4 3 2 1 
32 29 28 27 26 25 24 23 22 21 20 19 18 17 16 15 14 13 12 11 10 9 8 7 6 4 
35 30 29 27 26 25 24 22 21 20 19 18 17 16 15 14 13 12 11 10 9 8 7 6 
57 50 34 17 15 13 12 11 10 9 8 7 6 5 4 3 2 1 
67 34 31 27 26 22 18 17 16 15 14 13 12 11 10 9 8 7 6 5 4 3 2 1 
23 17 15 13 12 11 10 9 8 7 6 5 4 3 2 1 
280 20 19 18 17 15 14 12 11 10 9 8 7 6 5 4 3 2 1 
62 19 18 17 15 14 13 12 11 10 9 8 7 6 5 4 3 2 1 
33 28 22 21 20 18 17 14 13 12 11 10 9 8 7 6 5 4 3 2 1 
68 65 59 38 29 28 27 26 24 23 22 21 20 19 18 17 16 15 14 13 12 11 10 9 8 7 6 5 4 3 2 1 
16 15 12 11 10 9 8 7 6 5 4 3 2 1 
472 123 89 73 31 26 24 23 22 21 19 18 17 16 15 14 13 12 11 10 9 8 7 6 5 4 3 
27 23 22 21 20 19 18 17 16 14 13 12 11 10 9 8 7 6 5 4 3 2 1 
31 13 12 11 10 9 8 7 6 5 4 3 2 1 
56 41 34 32 30 29 28 25 24 22 21 20 19 18 17 16 15 14 13 12 11 10 9 8 7 6 5 4 3 2 
22 13 11 10 9 8 7 6 5 4 3 2 1 
19 15 13 12 11 10 9 8 7 6 5 4 3 2 1 
263 54 52 51 45 43 38 34 31 28 27 26 25 24 23 22 21 20 19 18 17 16 15 14 13 12 11 10 9 8 7 6 5 
447 19 18 17 16 15 14 13 12 11 10 9 8 7 6 5 4 3 2 1 
26 25 24 23 22 21 20 19 18 17 16 15 14 13 12 11 10 9 8 7 6 5 4 3 
51 24 22 20 19 18 17 16 15 14 13 12 11 10 9 8 7 6 5 4 3 2 1 
53 12 10 9 8 7 6 5 4 3 2 1 
77 20 15 14 13 12 10 9 8 7 6 5 4 3 2 1 
298 220 185 15 14 11 9 8 7 6 5 4 3 2 1 
86 50 39 21 18 17 13 12 11 10 9 8 7 6 5 4 3 2 1 
489 335 334 326 74 73 54 48 47 43 41 40 38 36 35 33 32 31 30 29 28 27 26 25 24 23 22 21 20 19 18 17 16 15 14 13 12 11 10 9 8 6 1 
28 23 19 18 17 16 15 14 13 11 10 9 8 7 6 5 4 3 2 1 
32 30 27 22 20 19 17 16 15 14 13 12 11 10 9 8 7 6 5 4 3 2 
80 63 15 13 12 11 10 9 8 7 6 5 4 3 2 1 
53 17 12 11 10 9 8 7 6 5 4 3 2 1 
146 116 112 98 95 94 90 86 84 79 78 74 73 71 70 69 68 67 65 63 62 60 58 56 55 54 53 52 51 50 49 48 46 45 44 43 42 41 40 39 37 36 35 34 33 32 30 29 28 27 26 25 24 21 
153 20 17 15 14 12 11 10 9 8 7 6 5 4 3 2 1 
59 49 24 23 20 19 17 16 15 14 13 12 11 10 9 8 7 6 5 4 3 2 
14 12 11 10 9 8 7 6 5 4 3 2 1 
123 23 18 17 15 14 13 12 11 10 9 8 7 6 5 4 3 2 1 
75 65 36 33 32 31 28 27 26 25 24 23 22 21 20 19 18 17 16 15 14 13 12 11 10 9 8 7 6 5 4 3 
95 91 47 43 42 39 37 36 35 34 33 32 30 29 28 27 26 24 23 22 21 20 19 18 17 16 15 14 13 12 11 10 9 8 7 6 2 
15 13 12 11 10 9 8 7 6 5 4 3 2 1 
152 135 22 14 13 12 11 10 9 8 7 6 5 4 3 2 1 
431 403 378 193 146 100 90 38 34 33 32 31 28 27 26 25 23 22 21 20 19 18 16 15 14 13 12 11 10 9 8 7 6 5 4 1 
91 18 14 13 12 11 10 9 8 7 6 5 4 3 2 1 
34 27 26 23 18 17 14 12 11 10 9 8 7 6 5 4 3 2 1 
131 17 14 13 12 10 9 8 7 6 5 4 3 2 1 
262 16 15 14 12 11 10 9 8 7 6 5 4 3 2 1 
59 38 19 15 14 13 12 11 10 9 8 7 6 5 4 3 2 1 
26 17 16 15 14 13 12 11 10 9 8 7 6 5 4 3 2 1 
284 33 19 18 17 16 15 14 13 12 11 10 9 8 7 6 5 4 3 2 
302 271 213 191 126 121 112 34 15 13 9 8 7 6 5 4 3 2 1 
70 57 52 49 44 43 41 40 39 38 37 36 35 34 33 32 31 30 29 28 27 26 25 24 23 22 21 20 19 18 17 16 15 14 13 12 11 10 9 8 7 6 
94 85 47 41 36 30 28 27 26 25 21 20 19 18 17 15 14 13 12 11 10 9 8 7 6 5 4 3 2 
67 64 43 38 32 29 25 24 23 22 20 18 17 16 15 14 13 12 11 10 9 8 7 6 5 4 3 2 1 
90 80 61 40 38 36 31 29 27 24 23 22 21 20 18 17 16 15 14 13 12 11 10 9 8 7 6 5 4 3 2 
22 21 20 18 17 16 15 14 13 12 11 10 9 8 7 6 5 4 1 
38 37 24 17 16 14 13 11 10 8 7 6 5 4 3 2 1 
39 26 24 21 20 19 18 17 16 15 14 13 12 11 10 9 8 7 6 5 4 3 2 
29 26 25 21 19 18 17 16 15 14 13 12 11 10 9 8 7 6 5 4 3 1 
66 51 44 34 31 27 26 25 24 23 21 20 19 18 17 16 14 13 12 11 10 9 8 7 6 5 4 3 2 1 
48 47 45 44 43 42 38 35 33 32 31 30 29 27 26 25 24 23 22 21 20 19 18 17 16 15 14 13 12 11 10 9 8 7 6 4 
96 23 22 21 20 19 17 16 15 14 13 12 11 10 9 8 7 6 5 4 3 2 
59 58 39 37 33 32 27 26 25 24 20 19 18 17 15 14 13 12 11 10 9 8 7 6 5 4 3 2 1 
337 117 77 59 53 23 22 20 18 17 16 15 13 12 11 10 9 8 7 6 5 4 3 2 
72 51 48 45 40 38 34 31 29 26 25 24 23 22 21 20 19 18 17 16 15 14 13 12 11 10 9 8 7 6 5 3 2 1 
432 164 52 48 38 36 34 31 28 27 26 25 24 23 22 21 20 19 18 17 16 15 14 13 12 11 10 9 8 7 6 
62 43 38 33 32 30 29 27 26 25 24 23 22 21 20 19 18 17 16 15 14 13 12 11 10 9 8 7 6 3 
539 363 201 172 113 73 58 52 40 33 32 27 26 24 22 21 20 19 18 17 16 15 14 13 12 11 10 9 8 7 6 5 4 
154 27 24 22 21 17 14 13 12 11 10 9 8 7 6 5 4 3 1 
109 77 41 27 10 9 8 7 6 5 4 3 2 1 
564 309 51 47 26 24 22 19 17 16 15 14 13 12 11 10 9 8 7 6 5 4 3 2 1 
119 60 54 42 37 36 32 27 26 25 23 22 20 19 18 17 16 15 14 13 12 11 10 9 8 7 6 5 4 3 2 1 
11 10 9 8 7 6 5 4 3 2 1 
22 20 15 14 13 12 11 10 9 8 7 6 5 4 3 2 1 
34 20 17 16 15 14 13 12 11 10 9 8 7 6 5 4 3 2 1 
27 23 22 15 13 12 11 10 9 8 7 6 5 4 3 2 1 
18 17 16 15 14 13 12 11 10 9 8 7 6 5 4 3 2 1 
16 14 13 12 11 10 9 8 7 6 5 4 3 2 1 
98 56 31 18 15 14 13 12 11 10 9 8 7 6 5 4 3 2 1 
84 61 49 39 35 32 31 29 28 25 23 22 21 20 19 18 17 16 15 14 13 12 11 10 9 8 7 6 5 4 3 
29 21 19 18 15 13 12 11 10 9 8 7 6 5 4 3 2 1 
23 22 19 18 16 15 14 13 12 11 10 9 8 7 6 5 4 3 2 1 
40 32 31 29 27 24 23 22 20 19 18 17 16 15 14 13 12 11 10 9 8 7 6 5 4 1 
311 17 16 12 11 10 9 8 7 6 5 4 3 2 1 
17 12 10 9 8 7 6 5 4 3 2 1 
29 27 20 17 16 14 13 10 9 8 7 6 5 4 3 2 1 
351 49 26 25 24 23 22 21 20 19 18 17 15 14 13 12 11 10 9 8 7 6 5 4 3 2 1 
22 20 19 18 16 15 14 13 12 11 10 9 8 7 6 5 4 3 2 
47 43 29 27 21 20 12 11 10 9 8 7 6 5 4 3 2 1 
45 22 18 15 14 13 12 11 10 9 8 7 6 5 4 3 2 1 
123 75 31 21 20 15 14 12 11 10 9 8 7 6 5 4 3 2 1 
203 171 161 115 65 43 31 30 26 25 23 20 19 13 12 11 10 9 8 7 6 5 4 3 2 1 
159 98 87 53 44 42 37 24 20 19 14 12 11 10 9 8 7 6 5 4 3 2 1 
1082 73 12 10 9 8 7 6 5 4 3 2 1 
1140 87 33 26 25 24 22 21 20 19 18 17 16 15 14 13 12 11 10 9 8 7 6 5 4 3 
14 9 8 7 6 5 4 3 2 1 
18 13 12 11 10 9 8 7 6 5 4 3 2 1 
84 78 77 74 58 55 54 53 50 49 48 47 46 45 43 42 40 39 37 36 35 34 33 32 31 30 29 28 27 26 25 23 22 21 20 19 18 17 16 15 14 10 
126 108 94 87 79 78 69 66 62 58 55 52 51 50 49 48 47 46 45 44 43 42 41 39 38 37 36 35 34 33 32 31 30 29 27 26 25 24 22 21 20 19 17 15 
22 18 16 13 12 11 10 9 8 7 6 5 4 3 2 1 
312 39 35 33 32 31 30 29 28 27 26 25 24 23 22 21 20 18 17 16 15 14 13 12 11 10 9 8 7 6 5 4 1 
15 14 13 12 11 10 9 8 7 6 5 4 3 2 1 
101 93 88 83 76 71 70 66 65 64 62 61 60 58 56 55 53 51 50 49 48 47 46 45 44 43 42 41 40 39 38 37 36 35 34 33 32 31 30 29 28 26 25 24 23 22 21 19 17 16 15 
13 12 10 9 8 7 6 5 4 3 2 1 
17 14 12 11 10 9 8 7 6 5 4 3 2 1 
328 20 17 16 15 13 12 11 10 9 8 7 6 5 4 3 2 1 
21 17 14 13 12 11 10 9 8 7 6 5 4 3 2 1 
20 19 17 15 13 12 11 10 9 8 7 6 5 4 3 2 1 
127 22 20 18 17 16 15 14 13 12 11 10 9 8 7 6 5 4 3 2 1 
207 28 27 23 20 17 15 14 13 12 11 10 9 8 7 6 5 4 3 2 1 
146 28 21 18 17 16 15 14 13 12 11 10 9 8 7 6 5 4 3 2 1 
54 29 28 23 22 21 20 19 18 17 16 15 13 12 11 10 9 8 7 6 5 4 3 2 1 
664 241 143 28 19 14 13 12 11 10 9 8 7 6 5 4 3 2 1 
23 21 18 17 16 15 14 13 12 11 10 9 8 7 6 5 4 3 2 1 
68 63 57 56 44 42 38 31 28 27 23 18 17 15 14 13 12 11 10 9 8 7 6 5 4 3 2 1 
315 103 15 11 10 9 8 7 6 5 4 3 2 1 
67 37 33 26 24 19 18 17 14 13 12 11 10 9 8 7 6 5 4 3 2 1 
109 107 65 61 55 48 45 36 33 30 29 26 25 24 22 21 19 18 17 16 15 14 13 12 11 10 9 8 7 6 5 4 3 2 
333 39 29 27 26 25 24 22 20 19 18 17 16 14 13 12 11 10 9 8 7 6 5 4 3 2 
55 53 52 46 45 43 42 40 38 37 36 33 32 31 30 26 25 24 22 21 20 19 18 17 16 15 14 13 12 11 10 9 8 7 4 
23 19 17 16 15 14 13 12 11 10 9 8 7 6 5 4 3 2 1 
75 9 8 7 6 5 4 3 2 1 
80 34 31 28 26 23 20 19 17 16 13 12 11 10 9 8 7 6 5 4 3 2 1 
89 48 41 40 30 22 20 19 14 13 11 10 9 8 7 6 5 4 3 2 1 
90 86 74 71 70 69 67 64 62 58 55 51 50 48 47 46 45 43 42 41 40 39 38 37 36 35 34 33 32 31 30 29 28 27 26 25 24 23 22 21 20 19 18 17 16 15 14 13 12 
136 110 48 42 37 34 20 19 18 15 14 13 12 11 10 9 8 7 6 5 4 3 2 1 
174 124 78 26 20 17 15 14 13 12 11 10 9 8 7 6 5 4 3 2 1 
252 21 20 18 17 15 14 13 12 11 10 9 8 7 6 5 4 3 2 1 
25 17 16 15 14 13 12 11 10 9 8 7 6 5 4 3 2 1 
813 247 243 143 94 64 53 52 48 47 46 45 44 42 41 39 38 37 36 35 34 33 32 31 30 29 28 26 25 24 23 22 21 20 19 18 17 15 14 13 12 11 9 8 
13 12 11 10 9 8 7 6 5 4 3 2 1 
31 30 24 22 21 20 19 18 17 16 15 14 13 12 11 10 9 8 7 6 5 4 3 2 
546 97 91 88 55 50 39 34 32 26 25 23 22 21 20 19 18 17 16 15 14 13 12 11 10 9 8 7 5 
81 43 30 27 26 24 21 20 19 18 17 16 15 14 13 12 11 10 9 8 7 6 5 4 3 2 1 
94 58 24 14 13 12 11 10 9 8 7 6 5 4 3 2 1 
70 60 59 23 20 15 14 13 12 11 10 8 7 6 5 4 3 2 1 
695 314 203 135 94 88 72 68 64 61 54 50 47 44 43 40 38 37 36 35 33 32 30 28 26 25 24 23 22 21 20 19 18 17 15 14 13 12 11 10 9 8 7 5 4 3 2 
202 73 33 30 23 18 17 16 15 14 13 12 11 10 9 8 7 6 5 4 3 2 1 
9 8 7 6 5 4 3 2 1 
35 22 21 19 18 17 14 13 12 11 10 9 8 6 5 4 3 2 1 
94 16 14 11 10 9 8 7 6 5 4 3 2 1 
23 15 14 13 11 9 8 7 6 5 4 3 2 1 
51 32 25 23 21 20 19 18 17 16 15 13 12 11 10 9 8 7 6 5 4 3 2 1 
504 63 29 28 26 25 24 23 21 19 18 17 16 15 14 13 12 11 10 9 8 7 6 5 4 3 2 
119 110 87 83 17 13 11 10 9 8 7 6 5 4 3 2 1 
76 70 17 16 12 11 10 9 8 7 6 5 4 3 2 1 
29 27 25 21 19 18 16 15 14 13 12 11 10 9 8 7 6 5 4 3 2 1 
106 97 76 35 26 23 17 16 15 14 12 9 8 7 6 5 4 3 2 1 
168 103 51 47 26 24 17 15 14 11 10 9 8 7 6 5 4 3 2 1 
162 115 33 26 20 19 18 17 16 15 14 13 12 11 10 9 8 7 6 5 4 3 1 
120 91 30 25 24 22 21 20 19 18 17 15 14 13 12 11 10 9 8 7 6 5 4 3 2 1 
20 19 18 16 15 13 12 11 10 9 8 7 6 5 4 3 2 
31 30 29 27 25 24 23 22 21 20 19 18 17 16 15 14 13 12 11 10 9 7 6 5 4 
167 41 18 17 15 12 11 10 9 8 7 6 5 4 3 2 1 
37 36 35 32 31 30 27 26 24 23 21 20 17 16 15 14 13 12 11 10 9 8 7 6 5 4 3 
99 19 18 17 15 13 12 11 10 9 8 7 6 5 4 3 2 1 
58 19 16 15 13 12 11 10 9 8 7 6 5 4 3 2 1 
54 34 30 27 25 23 21 19 18 17 16 15 14 13 12 11 10 9 8 7 6 5 4 3 2 
173 123 99 19 17 14 13 12 11 10 9 8 7 6 5 4 3 2 1 
460 56 12 10 9 8 7 6 5 4 3 2 1 
40 38 37 36 33 32 31 30 29 28 27 26 25 24 23 22 21 20 19 18 17 16 15 14 13 12 11 10 9 8 7 6 5 4 2 
21 18 15 14 13 12 11 10 9 8 7 6 5 4 3 2 1 
39 24 21 20 19 17 16 15 14 13 12 11 10 9 8 7 6 5 4 3 2 1 
273 233 61 38 37 31 30 26 25 24 23 22 21 20 19 17 16 15 14 13 12 11 10 9 8 7 6 5 4 3 
38 17 14 11 10 9 8 7 6 5 4 3 2 1 
81 14 13 12 11 10 9 8 7 6 5 4 3 2 1 
52 51 50 48 44 34 33 31 30 29 28 27 23 22 21 19 18 17 16 15 14 13 12 11 10 9 8 7 6 5 4 3 
299 228 207 189 33 32 28 26 23 21 19 17 15 14 13 12 11 10 9 8 7 6 5 4 3 2 
105 61 18 17 16 15 14 12 11 10 9 8 7 6 5 4 3 2 1 
37 36 35 31 30 29 28 27 25 24 22 21 20 19 18 17 16 15 14 13 12 11 10 9 8 7 6 5 
103 62 49 36 35 33 26 24 22 21 17 16 13 12 11 10 9 8 7 6 5 4 3 2 1 
18 17 15 14 13 12 11 10 9 8 7 6 5 4 3 2 1 
97 35 8 7 6 5 4 3 2 1 
19 16 15 14 13 12 11 10 9 8 7 6 5 4 3 2 1 
19 18 16 14 13 12 11 10 9 8 7 6 5 4 3 2 1 
65 43 28 19 16 15 14 13 12 11 10 9 8 7 6 5 4 3 2 1 
1056 68 52 50 49 43 41 40 38 37 36 35 33 32 31 29 28 27 26 25 24 23 22 21 20 19 18 17 16 15 14 13 12 11 10 9 8 7 6 5 
27 22 20 18 17 15 14 13 12 11 10 9 8 7 6 5 4 3 2 1 
41 25 23 21 20 14 13 12 11 10 9 8 7 6 5 4 3 2 1 
60 13 11 10 9 8 7 6 5 4 3 2 1 
42 18 17 15 14 13 12 11 10 9 8 7 6 5 4 3 2 1 
13 12 11 10 9 8 7 6 5 4 3 2 1 
163 64 63 60 43 40 39 38 33 32 30 29 28 27 26 24 23 22 21 20 19 18 17 16 15 14 13 12 11 10 9 8 7 6 
42 41 38 36 33 30 29 28 27 26 25 24 23 22 21 20 19 18 17 16 15 14 13 12 11 10 9 8 7 6 5 3 
299 11 10 9 8 7 6 5 4 3 2 1 
453 17 11 10 9 8 7 6 5 4 3 2 1 
247 244 199 195 38 32 30 29 27 24 23 22 21 20 19 18 17 16 15 13 12 11 10 9 8 7 6 5 4 3 2 1 
21 20 14 12 11 10 9 8 7 6 5 4 3 2 1 
43 24 19 13 11 10 9 8 7 6 5 4 3 2 1 
261 57 38 28 14 13 12 11 10 9 8 7 6 5 4 3 2 1 
141 88 27 20 19 17 16 12 10 9 8 7 6 5 4 3 2 1 
106 66 12 10 7 6 5 4 3 2 1 
162 38 14 13 11 10 9 8 7 6 5 4 3 2 1 
71 37 24 22 21 19 18 17 16 14 13 12 11 10 9 8 7 6 5 4 3 2 
63 17 16 15 14 13 12 11 10 9 8 7 6 5 4 3 2 1 
332 109 31 27 24 23 22 20 19 18 17 16 15 13 12 11 10 9 8 7 6 5 4 3 2 
423 140 121 114 25 24 23 21 18 14 13 12 11 10 9 8 7 6 5 4 3 2 1 
465 34 28 27 25 22 21 19 18 16 15 14 13 12 11 10 9 8 7 6 5 4 3 2 1 
109 33 24 23 19 18 15 13 12 11 10 9 8 7 6 5 4 3 2 1 
35 22 13 12 11 10 9 8 7 6 5 4 3 2 1 
24 15 14 12 11 10 9 8 7 6 5 4 3 2 1 
48 37 36 31 28 25 24 23 22 21 20 19 18 16 15 14 13 12 11 10 9 8 7 6 5 4 3 1 
100 33 14 13 12 11 10 9 8 7 6 5 4 3 2 1 
120 51 19 18 17 16 15 14 13 12 11 10 9 8 7 6 5 4 3 2 1 
37 35 34 32 31 29 28 27 26 25 24 23 21 20 19 18 17 16 15 14 13 12 11 10 9 8 7 6 5 4 2 
353 23 19 16 15 14 13 12 11 10 9 8 7 6 5 4 3 2 1 
90 87 34 27 25 18 15 14 13 12 11 10 9 8 7 6 5 4 3 2 1 
165 22 17 15 14 13 12 11 10 9 8 7 6 5 4 3 2 1 
20 15 14 10 9 7 6 5 4 3 2 1 
183 36 33 27 25 22 21 20 19 17 16 15 14 13 12 11 10 9 8 7 6 5 4 3 2 1 
462 458 61 59 54 47 45 43 41 40 37 36 32 31 30 28 27 26 25 24 23 22 21 20 19 18 17 16 15 14 13 12 11 10 9 8 7 6 5 3 
323 104 92 54 32 30 27 26 24 23 21 19 18 17 16 14 13 12 11 10 9 8 7 6 5 4 3 2 1 
18 17 15 13 12 11 10 9 8 7 6 5 4 3 2 1 
29 19 18 16 15 14 13 12 11 10 9 8 7 6 5 4 3 2 1 
28 26 18 17 16 14 12 11 10 9 8 7 6 5 4 3 2 1 
20 18 17 16 15 14 13 12 11 10 9 8 7 6 5 4 3 2 1 
155 123 19 17 16 15 14 13 12 11 10 9 8 7 6 5 4 3 2 1 
45 35 29 27 24 22 21 18 17 16 15 14 13 12 11 10 9 8 7 6 5 4 3 2 1 
36 19 17 15 13 12 11 10 9 8 7 6 5 4 3 2 1 
26 17 15 14 12 10 9 8 7 6 5 4 3 2 1 
481 428 306 303 57 24 23 20 17 16 15 14 13 12 11 10 9 8 7 6 5 4 3 2 1 
17 16 15 14 13 12 11 10 9 8 7 6 5 4 3 2 1 
852 110 62 61 59 50 48 45 41 36 33 31 30 28 27 25 24 23 22 21 20 19 18 17 16 15 14 13 12 11 10 9 8 7 5 4 3 
77 51 35 32 24 23 22 21 20 19 18 16 15 14 13 12 11 10 9 8 7 6 5 4 3 2 1 
328 106 85 78 73 72 71 69 66 62 58 57 54 51 49 48 46 45 43 41 40 38 37 36 35 34 33 32 31 30 29 27 26 25 24 23 22 21 20 19 18 17 16 14 
37 10 9 8 7 6 5 4 3 2 1 
29 17 16 14 13 12 11 10 9 8 7 6 5 4 3 2 
84 51 44 39 38 36 34 32 30 27 26 25 24 23 22 21 20 19 18 17 16 14 13 12 11 10 9 8 7 6 5 4 3 
99 90 88 79 74 67 65 64 62 58 53 52 51 50 47 46 43 42 41 40 38 37 36 35 34 33 32 31 30 29 28 27 26 25 24 23 22 21 20 19 18 17 16 14 13 12 11 10 9 8 
344 50 35 33 32 30 29 28 27 24 23 22 21 20 19 18 17 16 15 14 13 12 11 10 8 7 6 5 4 3 2 
14 10 9 8 7 6 5 4 3 2 1 
104 15 14 13 12 10 9 8 7 6 5 4 3 2 1 
66 43 42 37 35 33 32 31 30 29 28 27 26 25 24 23 22 21 20 19 18 17 16 15 14 13 12 11 10 9 8 7 4 
12 11 9 8 7 6 5 4 3 2 1 
83 54 48 47 46 44 43 36 34 33 31 30 28 24 23 22 21 19 18 17 16 15 14 13 12 11 10 9 8 7 6 3 1 
267 46 37 34 32 29 27 26 25 23 22 21 20 19 18 17 16 15 14 13 12 11 10 9 8 7 6 5 4 3 1 
71 10 9 8 7 6 5 4 3 2 1 
359 27 25 24 23 21 20 19 18 17 16 15 14 13 12 11 10 9 8 7 6 5 4 
37 18 16 15 14 13 12 11 10 9 8 7 6 5 4 3 2 1 
43 21 15 14 13 12 11 10 9 8 7 6 5 4 3 2 
38 31 30 28 26 24 22 21 20 18 17 16 15 14 13 12 11 10 9 8 7 6 5 4 3 2 
38 33 31 27 26 18 17 16 15 14 13 12 11 10 9 8 7 6 5 4 3 2 
28 25 21 20 19 18 17 16 15 14 13 12 11 10 9 8 7 6 5 4 3 2 1 
26 22 21 18 16 15 14 13 12 11 10 9 8 7 6 5 4 3 2 1 
195 36 31 30 25 24 22 20 19 18 17 16 15 14 13 12 11 10 9 8 7 6 5 4 3 2 
22 15 14 13 12 10 9 8 7 6 5 4 3 2 1 
394 248 58 41 39 37 30 29 27 26 24 23 22 20 19 18 17 16 15 14 13 12 11 10 9 8 7 6 5 4 3 2 1 
77 26 15 13 12 11 10 9 8 7 6 5 4 3 2 1 
24 21 20 17 16 15 14 13 12 11 10 9 8 7 6 5 4 3 2 1 
41 16 15 9 8 7 6 5 4 3 2 1 
67 25 24 23 22 21 20 17 16 15 14 13 12 11 10 9 8 7 6 5 4 3 2 1 
18 16 13 12 10 9 8 7 6 5 4 3 2 1 
265 183 115 98 83 75 61 53 44 35 28 26 22 21 17 16 13 11 10 9 8 7 6 5 4 3 2 1 
158 157 155 153 152 151 150 149 148 146 145 144 143 142 141 140 139 138 137 136 135 134 133 132 131 130 129 128 127 126 125 124 123 121 120 119 118 117 116 114 113 111 110 109 
158 157 155 153 152 151 150 149 148 146 145 144 143 142 141 140 139 138 137 136 135 134 133 132 131 130 129 128 127 126 125 124 123 121 120 119 118 117 116 114 113 111 110 109 
35 34 28 23 22 21 18 17 16 15 14 13 12 11 10 9 8 7 6 5 4 3 2 1 
286 51 49 48 43 41 40 39 38 36 33 32 30 29 26 25 24 23 22 21 20 19 18 17 16 15 14 13 12 10 9 8 7 6 2 
359 218 142 62 51 43 34 30 29 27 26 23 22 21 20 19 18 16 15 14 13 12 11 10 9 8 7 6 5 4 3 2 1 
376 75 28 23 21 20 19 17 15 14 13 12 11 10 9 8 7 6 5 4 3 2 
352 306 51 27 26 22 21 20 18 17 16 15 14 13 12 11 10 9 8 7 6 5 4 3 2 1 
67 37 13 12 10 9 8 7 6 5 4 3 2 1 
10 9 8 7 6 5 4 3 2 1 
77 31 22 19 18 17 16 14 13 12 11 10 9 8 7 6 5 4 3 2 1 
223 68 66 58 46 34 27 23 20 15 13 12 11 10 9 8 7 6 5 4 3 2 1 
449 11 10 9 8 7 6 5 4 3 2 1 
372 17 16 15 14 13 12 11 10 9 8 7 6 5 4 3 2 1 
45 36 33 32 31 29 28 27 26 24 23 22 21 20 19 18 17 16 15 14 13 12 11 10 9 8 7 6 
77 15 12 11 10 9 8 7 6 5 4 3 2 1 
271 29 28 27 24 22 21 20 19 18 17 16 15 14 13 12 11 10 9 8 7 6 5 3 
20 18 16 15 14 13 12 11 10 9 8 7 6 5 4 3 2 1 
88 31 30 28 25 24 23 22 20 19 18 17 16 15 14 13 12 11 10 9 8 7 6 5 4 3 2 1 
129 61 47 18 16 15 14 13 12 11 10 9 8 7 6 5 4 3 2 1 
187 131 93 58 57 25 23 21 20 19 18 17 16 14 13 12 11 10 9 8 7 6 5 4 3 2 1 
136 85 69 54 45 31 24 22 21 20 19 18 17 16 15 14 13 12 11 10 9 8 7 6 5 4 3 2 
308 46 35 29 26 25 24 22 21 20 19 18 17 16 15 14 13 12 11 10 9 8 7 6 5 4 3 
52 24 23 22 18 17 16 15 14 13 12 11 10 9 8 7 6 5 4 3 2 
181 51 34 15 14 11 10 9 8 7 6 5 4 3 2 1 
586 88 45 42 8 7 6 5 4 3 2 1 
19 15 11 10 9 8 7 6 5 4 3 2 1 
18 15 13 12 11 10 9 8 7 6 5 4 3 2 1 
19 18 17 16 15 13 12 11 10 9 8 7 6 5 4 3 2 1 
280 135 122 24 20 14 13 12 11 10 9 8 7 6 5 4 3 2 1 
111 57 51 48 45 33 31 30 29 28 27 25 24 23 22 21 20 19 18 17 16 15 14 13 12 11 10 9 8 7 6 5 4 3 2 
26 17 13 12 11 8 7 6 5 4 3 2 1 
11 10 9 8 7 6 5 4 3 2 1 
153 32 30 28 26 25 24 21 20 18 17 16 15 14 13 12 11 10 9 8 7 6 5 4 3 2 
81 17 15 14 13 11 10 9 8 7 6 5 4 3 2 1 
17 15 14 13 12 11 10 9 8 7 6 5 4 3 2 1 
104 19 14 12 10 9 8 7 6 5 4 3 2 1 
35 26 24 23 22 21 20 19 18 17 16 15 14 13 12 11 10 9 8 7 6 5 4 3 2 1 
30 29 27 25 23 19 18 17 16 15 14 13 12 11 10 9 8 7 6 5 4 3 2 1 
90 41 28 26 25 24 22 21 19 18 17 16 15 14 13 12 11 10 9 8 7 6 5 4 3 1 
107 66 63 58 50 47 44 43 42 40 39 37 36 35 34 33 32 31 29 27 26 25 24 23 22 21 20 19 18 17 16 15 14 13 12 11 10 9 8 7 5 4 
75 41 29 20 18 15 14 13 12 11 10 9 8 7 6 5 4 3 2 1 
31 30 24 22 21 20 19 18 17 15 14 13 12 11 10 9 8 7 6 5 4 3 2 1 
145 142 59 47 40 36 30 26 24 22 21 20 19 18 16 15 14 13 12 11 10 9 8 7 6 5 4 3 2 1 
204 15 14 13 12 11 10 9 8 7 6 5 4 3 2 1 
756 42 41 40 39 36 30 27 26 25 24 23 21 20 19 18 17 16 15 14 13 12 11 10 9 8 7 6 5 4 3 1 
242 28 12 9 8 7 6 5 4 3 2 1 
657 120 33 29 21 19 18 17 16 15 14 13 12 11 10 9 8 7 6 5 4 3 2 
126 17 15 14 13 12 11 10 9 8 7 6 5 4 3 2 1 
18 17 16 15 13 12 11 10 9 8 7 6 5 4 3 2 1 
91 88 13 12 11 10 9 8 7 6 5 4 3 2 1 
64 46 42 40 39 37 36 33 32 31 30 28 27 25 23 22 21 20 18 17 16 15 14 13 12 11 10 9 8 7 6 5 4 3 2 
32 30 23 20 19 18 17 16 15 14 13 12 11 10 9 8 7 6 5 4 3 2 1 
58 18 16 15 13 12 11 10 9 8 7 6 5 4 3 2 1 
478 251 127 108 106 75 72 66 41 28 23 22 19 17 16 14 13 12 11 10 9 8 7 6 5 4 3 2 1 
177 137 128 100 22 13 10 9 8 7 6 5 4 3 2 1 
63 15 13 12 11 10 9 8 7 6 5 4 3 2 1 
430 338 221 219 93 81 78 30 22 19 18 17 16 15 14 13 12 11 10 9 8 7 6 5 4 3 2 
32 14 12 8 7 6 5 4 3 2 1 
111 68 17 16 14 13 12 11 10 9 8 7 6 5 4 3 2 1 
47 33 30 29 28 24 23 21 20 19 18 17 16 15 14 13 12 11 10 9 8 7 6 5 4 3 2 
15 14 13 12 11 10 9 8 7 6 5 4 3 2 1 
371 70 43 41 38 37 31 29 28 27 26 23 22 20 19 18 17 16 15 14 13 12 11 10 9 8 7 6 5 4 3 1 
37 29 28 26 25 24 22 21 20 19 18 17 16 15 14 13 12 11 10 9 8 7 6 5 4 3 2 1 
14 13 12 11 10 9 8 7 6 5 4 3 2 1 
20 18 12 11 10 9 8 7 6 5 4 3 2 1 
31 28 20 18 17 15 14 13 12 11 10 9 8 7 6 5 4 3 2 1 
75 68 66 59 58 54 52 50 49 48 47 46 44 42 41 40 39 38 37 36 35 34 33 31 30 29 28 27 26 25 24 23 22 21 20 18 17 16 15 14 13 12 11 10 5 
274 174 146 90 78 21 19 18 17 15 14 12 11 10 9 8 7 6 5 4 3 2 1 
65 38 32 19 17 16 14 12 11 10 9 8 7 6 5 4 3 2 1 
358 105 70 53 18 17 16 15 14 13 12 11 10 9 8 7 6 5 4 3 2 1 
269 231 201 167 112 96 82 77 70 56 35 31 29 28 26 25 22 21 18 17 16 15 14 12 11 10 9 8 7 6 5 4 3 2 1 
101 19 15 14 13 12 10 9 8 7 6 5 4 3 2 1 
197 182 65 51 41 40 39 34 31 30 27 26 25 24 23 22 21 19 18 17 16 15 14 13 12 11 10 9 8 7 6 5 4 3 2 1 
62 49 48 42 40 34 33 32 30 29 28 27 26 25 24 23 22 21 20 19 18 17 16 15 14 13 12 11 10 9 8 7 6 5 
36 35 25 20 19 17 14 13 12 11 10 9 8 7 6 5 4 3 2 1 
230 45 20 12 11 10 9 8 7 6 5 4 3 2 1 
349 340 272 208 167 156 147 122 114 107 103 102 86 82 77 73 70 65 48 46 42 37 35 34 33 32 31 30 29 28 27 26 25 23 22 21 20 19 18 17 16 15 14 13 12 11 10 9 8 7 6 5 4 3 2 
335 334 270 223 216 196 114 101 93 47 44 43 40 38 35 33 32 30 28 27 26 24 23 22 21 20 18 17 16 15 14 13 12 11 10 9 8 7 6 5 4 3 2 
583 499 373 367 234 199 192 142 56 46 38 36 35 34 30 28 27 25 24 23 22 21 20 19 18 17 16 15 14 13 12 11 10 9 8 7 6 5 4 
419 172 133 24 22 19 17 14 13 11 10 9 8 7 6 5 4 3 2 1 
63 57 38 35 34 31 26 24 23 22 20 18 17 16 15 14 13 12 11 10 9 8 7 6 5 4 3 2 1 
65 20 19 18 16 15 14 13 12 11 10 9 8 7 6 5 4 3 2 1 
65 64 45 37 32 31 30 28 27 26 25 24 23 22 21 20 19 18 17 16 15 14 13 12 11 10 9 8 7 5 4 
55 36 35 34 32 31 25 24 23 22 21 20 19 18 17 16 15 14 13 12 11 10 9 8 7 6 5 4 1 
30 28 25 23 22 21 20 19 18 17 16 15 14 13 12 11 10 9 8 7 6 5 3 
21 10 8 7 6 5 4 3 2 1 
983 25 24 21 19 18 17 16 15 14 13 12 11 10 9 8 7 6 5 4 3 2 
34 17 16 15 14 13 12 11 10 9 8 7 6 5 4 3 2 1 
305 37 30 26 24 20 19 18 17 16 15 14 13 12 11 10 9 8 7 6 5 4 3 2 1 
33 28 27 25 24 23 20 18 16 15 14 13 12 11 10 9 8 7 6 5 4 3 2 1 
21 16 14 13 12 11 10 9 8 7 6 5 4 3 2 
27 25 22 19 17 14 13 12 11 10 9 8 7 6 5 4 3 2 1 
202 73 19 17 16 15 14 13 12 11 10 9 8 7 6 5 4 3 2 1 
439 328 169 77 18 17 15 14 13 12 11 10 9 8 7 6 5 4 3 2 1 
31 19 17 16 14 13 12 10 9 8 7 6 5 4 3 2 1 
71 33 24 19 17 15 12 11 10 9 8 7 6 5 4 3 2 1 
35 26 24 23 22 20 18 17 16 15 14 13 12 11 10 9 8 7 6 5 4 
82 28 23 22 20 19 18 17 16 15 13 12 11 10 9 8 7 6 5 4 3 2 1 
310 25 24 21 20 17 14 13 12 11 10 9 8 7 6 5 4 3 2 1 
317 35 25 23 22 21 20 17 16 15 14 13 12 11 10 9 8 7 6 5 4 3 2 
216 160 79 28 24 22 21 20 19 16 15 14 13 12 11 10 9 8 7 6 5 4 3 2 
299 148 120 92 87 84 78 76 69 65 57 55 53 52 51 50 47 45 44 41 40 39 38 37 36 35 31 30 29 28 27 26 25 24 23 22 21 20 19 18 17 16 15 14 13 12 11 8 6 
276 155 98 74 19 18 17 16 15 14 13 12 11 10 9 8 7 6 5 4 3 2 1 
39 28 18 13 12 11 10 9 8 7 6 5 4 3 2 1 
465 47 29 26 24 22 21 20 19 16 15 14 13 12 11 10 9 8 7 6 5 4 3 2 1 
128 113 60 53 35 32 26 25 24 22 21 20 19 18 17 15 14 13 12 11 10 9 8 7 6 5 4 3 2 1 
80 55 52 47 25 23 22 21 19 17 16 15 14 13 12 11 10 9 8 7 6 5 4 2 
168 155 112 96 67 65 55 54 52 49 47 43 41 38 37 34 29 27 26 25 24 23 22 21 20 19 18 17 16 15 14 13 12 11 10 9 8 7 6 5 3 
104 41 35 30 27 25 24 23 22 19 18 17 16 15 14 13 12 11 10 9 8 7 6 5 4 3 2 
582 282 197 191 147 99 93 89 80 75 70 62 61 57 54 48 42 39 35 29 28 27 26 25 23 22 21 20 19 18 17 16 15 14 13 12 11 10 9 8 7 6 5 4 2 
234 150 80 42 23 20 19 18 16 15 14 13 12 11 10 9 8 7 6 5 4 3 2 1 
494 84 83 54 37 26 24 23 22 21 20 19 18 17 16 15 14 12 11 10 9 8 7 6 5 4 3 
139 94 19 18 17 13 11 10 9 8 7 6 5 4 3 2 1 
30 27 22 17 14 13 12 11 10 9 8 7 6 5 4 3 2 1 
19 14 12 11 10 9 8 7 6 5 4 3 2 1 
210 18 14 13 12 11 10 9 8 7 6 5 4 3 2 1 
476 124 109 77 60 54 48 41 35 32 30 29 25 24 23 22 21 20 19 18 17 16 15 14 13 12 11 10 9 8 7 6 5 4 
345 334 237 48 38 36 35 34 33 32 30 29 28 27 26 25 24 23 22 21 20 19 18 17 16 15 14 13 12 11 10 9 8 7 6 5 4 
111 31 26 18 17 16 15 13 12 11 10 9 8 7 6 5 4 3 2 
31 29 18 16 14 13 12 11 10 9 8 7 6 5 4 3 2 1 
11 10 9 8 7 6 5 4 3 2 1 
19 13 12 11 9 8 7 6 5 4 3 2 1 
29 26 25 22 21 20 19 18 17 16 15 14 13 12 11 10 9 8 7 6 5 4 2 1 
91 17 16 14 12 11 10 9 8 7 6 5 4 3 2 1 
407 27 16 15 14 13 10 9 8 7 6 5 4 3 2 1 
11 10 9 8 7 6 5 4 3 2 1 
39 29 28 26 23 22 21 20 19 18 17 16 15 14 13 12 11 10 9 8 7 6 5 4 3 1 
35 20 18 17 14 12 11 10 9 8 7 6 5 4 3 2 1 
10 9 8 7 6 5 4 3 2 1 
256 13 12 10 9 8 7 6 5 4 3 2 1 
105 81 28 27 25 24 23 21 19 18 17 16 15 14 13 12 11 10 9 8 7 6 5 4 3 2 
219 18 15 13 12 11 10 9 8 7 6 5 4 3 2 1 
643 51 22 21 20 19 18 17 16 15 14 13 12 11 10 9 8 7 6 5 4 3 2 1 
758 199 168 164 159 148 144 142 141 125 123 118 114 112 111 110 108 107 106 105 104 102 101 100 99 98 97 92 90 88 87 85 84 83 81 80 79 78 77 76 75 72 71 69 68 67 65 64 63 62 59 57 56 55 54 53 52 51 50 49 48 46 44 43 40 39 35 30 
430 82 49 40 31 29 28 23 22 21 20 19 15 14 12 9 8 7 6 5 4 3 2 1 
348 341 73 37 25 19 17 15 14 13 12 11 10 9 8 7 6 5 4 3 2 1 
283 203 129 32 30 25 23 19 18 17 15 13 12 11 10 9 8 7 6 5 4 3 2 1 
722 200 128 122 77 48 46 38 36 34 33 32 30 29 28 27 25 22 21 20 19 18 17 16 15 14 13 12 11 10 9 8 7 6 5 3 
38 26 20 19 17 16 15 13 12 11 10 9 8 7 6 5 4 3 2 1 
53 24 19 18 16 14 13 12 11 10 9 8 7 6 5 4 3 2 1 
216 59 58 43 42 40 35 34 33 29 27 26 24 23 22 21 20 19 18 16 14 13 12 11 10 9 8 7 6 5 4 3 2 1 
120 78 76 75 74 73 69 64 62 61 60 59 58 54 52 49 48 47 45 44 43 42 40 39 38 37 36 35 34 33 32 31 30 29 28 27 26 25 23 22 21 20 19 18 17 16 15 13 12 8 5 
64 26 15 13 12 11 10 9 8 7 6 5 4 3 2 1 
71 70 41 39 15 14 13 12 11 10 9 8 7 6 5 4 3 2 1 
341 44 35 18 15 13 12 11 10 9 8 7 6 5 4 3 2 1 
17 13 12 11 10 9 8 7 6 5 4 3 2 1 
139 37 22 21 20 18 16 13 12 11 10 9 8 7 6 5 4 3 2 1 
169 58 49 48 45 43 42 40 39 36 35 32 31 30 29 28 27 26 25 24 23 22 21 20 19 18 17 16 15 14 13 12 11 10 9 8 7 6 5 4 
21 20 19 18 16 15 14 13 12 11 10 9 8 7 6 5 4 3 2 1 
653 36 28 27 25 23 22 21 20 19 18 17 16 15 14 13 12 11 10 9 8 7 6 5 4 3 2 1 
96 23 19 17 15 14 13 12 11 10 9 8 7 6 5 4 3 2 1 
110 63 44 23 20 19 18 17 15 14 13 12 11 10 9 8 7 6 5 4 3 2 1 
54 33 24 23 20 19 18 17 16 15 14 13 12 11 10 9 8 7 6 5 4 3 
106 14 11 9 8 7 6 5 4 3 2 1 
19 16 10 9 8 7 6 5 4 3 2 1 
35 26 23 22 18 16 14 13 12 11 10 9 8 7 6 5 4 3 2 1 
60 33 32 22 19 18 17 14 13 12 11 10 9 8 7 6 5 4 3 2 1 
10 9 8 7 6 5 4 3 2 1 
187 120 90 83 64 59 35 32 30 27 26 25 23 22 20 19 18 17 16 15 14 13 12 11 10 9 8 7 6 5 4 3 
85 71 57 44 34 29 23 21 20 19 18 17 16 14 13 12 11 10 9 8 7 6 5 4 3 2 
292 191 13 12 11 10 9 8 7 6 5 4 3 2 1 
479 72 58 38 33 30 25 24 21 18 17 14 13 12 11 10 9 8 7 6 5 4 3 2 1 
129 103 101 85 48 37 36 33 26 23 22 21 20 19 17 16 15 13 12 11 10 9 8 7 6 5 4 3 2 1 
18 15 14 11 10 9 8 7 6 5 4 3 2 1 
115 22 20 17 15 14 13 12 11 10 9 8 7 6 5 4 3 2 1 
31 9 7 6 5 4 3 2 1 
18 16 15 14 13 12 11 10 9 8 7 6 5 4 3 2 1 
19 12 11 10 9 8 7 6 5 4 3 2 1 
20 15 13 12 11 10 9 8 7 6 5 4 3 2 1 
26 15 14 13 12 11 10 9 8 7 6 5 4 3 2 1 
122 43 42 37 34 31 30 29 28 27 25 24 23 22 20 19 18 17 16 15 14 13 12 11 10 9 8 7 6 5 
43 37 35 29 27 26 25 24 22 21 20 19 18 17 16 15 14 13 12 11 10 9 8 7 6 5 4 3 2 
125 85 49 20 18 16 15 12 11 9 8 7 6 5 4 3 2 1 
15 13 12 11 10 8 7 6 5 4 3 2 1 
147 70 38 31 29 28 24 19 17 14 13 11 10 8 7 6 5 4 3 2 1 
41 22 15 14 13 12 11 10 9 8 7 6 5 4 3 2 1 
97 26 22 21 19 18 17 16 15 14 12 11 10 9 8 7 6 5 4 3 2 1 
184 36 24 23 22 20 18 16 15 13 12 11 10 9 8 7 6 5 4 3 2 1 
31 30 23 22 21 20 19 18 17 16 15 14 13 12 11 10 9 8 7 6 5 4 3 
40 38 36 35 31 26 24 23 21 20 19 18 17 15 14 13 12 11 10 9 8 7 6 5 4 3 2 1 
482 291 51 50 14 13 12 10 9 8 7 6 5 4 3 2 1 
113 108 103 91 49 48 43 29 25 15 14 13 12 11 10 9 8 7 6 5 4 3 2 1 
21 19 17 16 15 14 13 12 11 10 9 8 7 6 5 4 3 2 
180 39 11 10 9 8 7 6 5 4 3 2 1 
87 67 46 36 23 16 14 13 12 11 10 9 8 7 6 5 4 3 2 1 
25 16 15 14 13 12 11 10 9 8 7 6 5 4 3 2 
129 123 116 66 62 61 55 48 45 42 41 39 38 37 35 34 33 32 31 30 29 27 26 25 24 23 22 20 19 18 17 16 15 14 13 12 11 10 9 8 
32 20 14 13 12 11 10 9 8 7 6 5 4 3 2 1 
353 229 91 51 34 33 28 24 23 22 21 20 19 18 16 15 14 13 12 11 10 9 8 7 6 5 4 3 2 
301 140 132 62 47 43 40 30 29 28 27 26 25 24 23 22 21 20 19 18 17 16 15 14 13 12 11 10 9 8 7 6 5 4 3 2 1 
46 44 39 36 32 30 22 21 20 19 17 16 15 14 13 12 11 10 9 8 7 6 5 4 3 2 1 
116 21 17 13 12 11 10 9 8 7 6 5 4 3 2 1 
16 15 13 12 11 10 9 8 7 6 5 4 3 2 1 
479 89 61 58 47 46 34 31 29 28 26 25 24 23 22 19 18 17 16 15 14 13 12 11 10 9 8 7 6 5 4 3 
31 26 23 20 19 17 16 15 14 13 12 11 10 9 8 7 6 5 4 3 2 
142 115 113 101 90 82 77 74 73 71 68 67 66 65 60 56 54 53 51 46 45 44 42 41 40 38 37 36 35 34 33 32 31 30 29 28 27 26 25 24 23 22 21 20 19 18 15 14 
13 12 11 10 9 8 7 6 5 4 3 2 1 
181 16 14 11 9 8 7 6 5 4 3 2 1 
18 17 16 14 13 12 11 10 9 8 7 6 5 4 3 2 1 
84 41 38 33 30 28 26 25 24 23 22 21 20 19 18 17 16 15 14 13 12 11 10 9 8 7 6 5 4 3 
81 22 18 17 16 15 14 13 12 11 10 9 8 7 6 5 4 3 2 1 
206 22 17 16 15 14 12 11 10 9 8 7 6 5 4 3 2 1 
55 19 17 14 12 11 10 9 8 7 6 5 4 3 2 1 
11 9 8 7 6 5 4 3 2 1 
108 96 40 20 13 11 9 8 7 6 5 4 3 2 1 
54 36 34 33 32 31 28 27 25 24 23 22 21 20 19 17 16 15 14 13 12 11 10 9 8 7 6 5 4 3 2 1 
78 64 54 49 47 46 44 43 42 39 38 37 36 35 33 32 31 30 29 28 27 26 25 24 23 22 21 19 18 17 16 15 14 13 12 11 9 8 7 6 5 
48 45 36 33 32 29 27 26 25 24 23 22 21 20 19 18 17 16 15 14 13 12 11 10 9 8 7 6 4 3 2 
54 53 28 21 15 14 11 10 9 8 7 6 5 4 3 2 1 
411 97 65 51 50 38 35 34 30 29 27 26 24 23 21 20 19 18 17 16 15 14 13 12 11 10 9 8 7 6 5 4 3 2 
346 23 17 14 13 12 11 10 9 8 7 6 5 4 3 2 1 
159 142 100 91 87 85 69 67 66 62 60 46 32 22 15 12 11 10 9 8 7 6 5 4 3 2 1 
61 52 24 20 19 18 17 14 12 11 10 9 8 7 6 5 4 3 2 1 
213 112 109 105 83 54 43 42 36 35 30 27 26 25 24 23 22 21 18 17 16 15 14 13 12 11 10 9 8 7 6 5 4 3 2 1 
467 188 167 127 66 38 35 23 19 12 10 8 7 6 5 4 3 2 1 
440 142 99 66 52 42 39 35 33 25 24 20 19 18 17 16 15 14 13 12 11 10 9 8 7 6 5 4 3 2 
161 51 34 27 21 20 19 17 16 15 14 13 12 11 10 9 8 7 6 5 4 3 2 
18 13 12 11 10 9 8 7 6 5 4 3 2 1 
328 291 259 239 182 171 131 73 70 58 41 39 36 32 31 27 26 23 17 10 9 8 7 6 5 4 3 2 1 
227 138 100 74 20 19 15 14 13 12 9 8 7 6 5 4 3 2 1 
60 9 8 7 6 5 4 3 2 1 
213 167 97 83 8 7 6 5 4 3 2 1 
78 58 53 9 8 6 5 4 3 2 1 
474 175 163 40 35 30 25 24 21 19 18 17 16 15 14 13 12 11 10 9 8 7 6 5 4 3 2 1 
20 19 17 13 12 11 10 9 8 7 6 5 4 3 2 1 
103 16 14 12 10 9 8 7 6 5 4 3 2 1 
405 99 75 62 36 21 20 18 17 15 14 13 12 11 10 9 8 7 6 5 4 3 2 
624 118 52 41 20 19 16 15 14 13 11 10 9 8 7 6 5 4 3 2 1 
16 15 14 12 11 10 9 8 7 6 5 4 3 2 1 
36 18 16 15 14 11 10 9 8 7 6 5 4 3 2 1 
26 24 23 17 16 15 14 13 12 11 10 9 8 7 6 5 4 3 2 1 
90 87 31 30 28 27 24 22 21 20 19 18 17 15 14 13 12 11 10 9 8 7 6 5 4 3 2 
440 392 356 290 225 195 177 168 114 84 65 61 59 55 54 43 29 26 24 23 22 20 19 18 17 16 15 14 13 12 11 10 9 8 7 6 5 4 3 1 
93 60 46 44 34 29 28 24 21 20 18 16 15 14 12 11 10 9 8 7 6 5 4 3 2 
13 12 11 10 9 8 7 6 5 4 3 2 1 
50 36 20 19 17 15 14 13 12 11 10 9 8 7 6 5 4 3 2 1 
44 41 40 32 31 30 27 26 25 24 20 19 18 17 16 15 14 13 12 11 10 9 8 7 6 5 4 2 1 
41 27 26 25 22 21 20 19 18 17 16 15 14 13 12 11 10 9 8 7 6 5 4 
222 55 28 25 23 21 19 18 17 16 15 14 13 12 11 10 9 8 7 6 5 4 3 2 1 
40 15 13 10 9 8 7 6 5 4 3 2 1 
99 71 49 44 42 41 40 34 33 32 31 30 29 28 27 26 25 24 23 22 21 20 19 18 17 16 15 14 13 12 11 10 9 7 
23 21 20 17 16 15 14 13 12 11 10 9 8 7 6 5 4 3 2 
16 15 14 13 12 11 10 9 8 7 6 5 4 3 2 1 
19 15 13 12 11 10 9 8 7 6 5 4 3 2 1 
98 48 42 36 29 28 26 24 23 22 21 20 19 18 17 16 15 14 13 12 11 10 9 8 7 6 5 4 3 
109 97 33 28 18 16 14 13 12 11 10 9 8 7 6 5 4 3 2 
512 115 106 18 17 16 15 14 12 11 10 9 8 7 6 5 4 3 2 1 
36 24 19 16 14 13 12 11 10 9 8 7 6 5 4 3 2 
31 27 24 23 21 19 18 17 16 15 14 13 12 11 10 9 8 7 6 5 4 3 2 1 
31 11 10 8 7 6 5 4 3 2 1 
53 29 16 13 12 11 10 9 8 7 6 5 4 3 2 1 
141 92 40 38 32 31 29 26 25 24 22 21 20 19 18 17 16 15 14 13 12 11 10 9 8 7 5 3 
402 35 16 13 12 11 10 9 8 7 6 5 4 3 2 1 
84 30 29 27 17 15 14 13 12 11 10 9 8 7 6 5 4 3 2 1 
24 15 11 10 9 8 7 6 5 4 3 2 1 
29 26 25 21 19 18 16 15 14 12 11 10 9 8 7 6 5 4 3 2 1 
29 28 25 24 23 21 20 19 18 17 16 15 14 13 12 11 10 9 8 7 6 5 4 3 
527 153 127 79 73 66 30 27 19 17 16 14 13 12 11 10 9 8 7 6 5 4 3 2 
905 230 194 99 81 32 28 27 24 21 20 19 18 17 16 15 14 13 12 11 10 9 8 7 6 5 4 2 
24 16 14 13 12 11 10 9 8 7 6 5 4 3 2 1 
503 426 20 16 15 14 13 12 11 9 8 7 6 5 4 3 2 1 
478 16 15 14 13 12 11 10 9 8 7 6 5 4 3 2 1 
100 51 9 8 7 5 4 3 2 1 
407 385 381 368 363 358 265 219 196 178 160 143 130 128 127 118 117 108 104 97 95 93 92 91 90 89 88 87 86 84 83 82 81 80 79 76 74 73 71 69 68 67 66 64 62 61 60 59 58 55 53 52 51 48 46 45 44 43 42 41 39 38 36 35 32 31 27 26 
38 34 33 30 29 27 26 24 23 22 21 20 19 18 17 16 15 14 13 12 11 10 9 8 7 6 5 4 
611 173 144 76 46 41 39 34 32 31 29 28 25 24 23 21 20 19 18 17 16 15 14 13 12 11 10 9 8 7 6 5 4 3 2 1 
443 44 43 29 28 25 20 17 15 14 13 12 11 10 9 8 7 6 5 4 3 2 1 
75 23 21 19 17 16 13 11 10 9 8 7 6 5 4 3 2 1 
167 64 35 29 26 20 19 15 14 13 12 11 10 9 8 7 6 5 4 3 2 1 
46 45 41 38 33 32 29 28 27 25 24 23 21 20 19 18 17 16 15 14 13 12 11 10 9 8 7 6 5 4 3 2 
52 12 8 7 6 5 4 3 2 1 
15 13 12 11 10 9 8 7 6 5 4 3 2 1 
30 28 26 21 20 19 17 15 14 13 12 11 10 9 8 7 6 5 4 3 2 1 
54 46 32 30 14 12 11 10 9 8 7 6 5 4 3 2 1 
49 43 37 36 34 33 31 30 29 27 26 25 24 23 22 21 20 19 18 17 16 15 14 13 12 11 10 9 8 7 6 5 
22 21 20 17 16 15 14 13 12 11 10 9 8 7 6 5 4 3 2 1 
92 62 61 58 57 54 50 47 43 40 39 38 37 34 33 32 31 30 29 28 27 26 25 24 23 22 21 20 19 18 17 16 15 14 13 8 
53 27 22 21 19 18 17 16 15 14 13 12 11 10 9 8 7 6 5 4 3 2 1 
39 35 26 24 22 19 18 17 16 15 14 13 12 11 10 9 8 7 6 5 4 3 2 1 
56 38 30 29 28 27 25 24 22 21 20 19 18 17 16 15 14 13 12 11 10 9 8 7 6 5 3 1 
437 27 23 19 18 16 15 14 13 12 11 10 9 8 7 6 5 4 3 2 1 
404 14 13 12 11 10 9 8 7 6 5 4 3 2 1 
20 18 14 13 12 11 10 9 8 7 6 5 4 3 2 1 
126 34 26 20 17 12 11 10 9 8 7 6 5 4 3 2 1 
35 31 29 28 27 24 23 22 20 19 17 15 14 13 12 11 10 9 8 7 6 5 4 3 
196 31 28 27 21 18 17 16 14 13 12 11 10 9 8 7 6 5 4 3 2 1 
42 41 40 39 34 32 30 25 23 22 21 20 19 18 17 16 15 14 13 12 11 10 9 8 7 6 5 4 3 2 1 
348 24 23 20 16 15 14 12 11 10 9 8 7 6 5 4 3 2 1 
79 35 21 17 16 13 12 11 10 9 8 7 6 5 4 3 2 1 
265 190 177 47 37 31 26 21 18 13 12 11 10 9 8 7 6 5 4 3 2 1 
268 255 198 151 145 121 111 107 97 42 31 26 24 23 22 20 18 17 16 15 14 13 12 11 10 9 8 7 6 5 4 3 2 1 
22 20 19 15 12 11 10 8 7 6 5 4 3 2 1 
25 19 16 14 13 12 11 10 9 8 7 6 5 4 3 2 1 
140 19 17 16 15 14 13 12 11 10 9 8 7 6 5 4 3 2 1 
938 27 26 22 21 20 19 17 15 14 13 12 11 10 9 8 7 6 5 4 3 2 1 
26 18 16 15 14 13 12 11 10 9 8 7 6 5 4 3 2 
1004 66 43 14 13 9 8 7 6 5 4 3 2 1 
68 10 9 8 7 6 5 4 3 2 1 
137 34 19 18 16 15 14 13 12 11 10 9 8 7 6 5 4 3 2 1 
19 17 15 14 12 11 10 9 8 7 6 5 4 3 2 1 
287 225 108 88 86 79 32 30 26 13 10 9 8 7 6 5 4 3 2 1 
27 26 25 24 23 20 18 17 16 15 14 13 12 11 10 9 8 7 6 5 4 3 2 1 
183 20 19 18 15 13 11 10 9 8 7 6 5 4 3 2 1 
57 20 18 12 11 10 9 8 7 6 5 4 3 2 1 
24 23 20 19 17 16 15 13 12 11 10 9 8 7 6 5 4 3 
37 30 28 27 26 25 23 22 21 20 19 18 17 16 15 14 13 12 11 10 9 8 7 6 5 4 3 2 
28 27 26 25 23 19 16 15 14 13 12 11 10 9 8 7 6 5 4 3 2 1 
45 31 30 29 28 27 26 25 24 23 22 21 20 19 18 17 16 15 14 13 12 11 10 9 8 7 6 5 3 
64 57 55 51 39 38 35 33 32 29 28 27 25 24 23 22 21 20 19 18 17 16 15 14 13 12 11 10 9 8 7 6 5 4 3 2 
20 17 11 10 9 8 7 6 5 4 3 2 1 
9 8 7 6 5 4 3 2 1 
19 15 12 11 10 9 8 7 6 5 4 3 2 1 
181 45 39 37 36 35 34 33 32 31 30 28 27 26 25 24 23 22 21 20 19 18 17 16 15 14 13 12 11 10 9 8 7 5 4 
44 42 40 36 30 29 28 26 25 24 23 22 21 20 19 18 17 16 15 14 13 12 11 10 9 8 7 6 5 4 3 
37 32 28 26 25 22 21 20 19 18 17 16 15 14 13 12 11 10 9 8 7 6 5 4 3 2 1 
68 19 18 17 16 15 14 13 12 11 10 9 8 7 6 5 4 3 2 
24 18 17 16 14 13 12 11 10 9 8 7 6 5 4 3 2 1 
40 29 26 24 22 21 20 19 18 17 16 15 14 13 12 11 10 9 8 7 6 5 3 
14 13 12 11 10 9 8 7 6 5 4 3 2 1 
24 20 19 15 14 13 12 11 10 9 8 7 6 5 4 3 2 1 
36 22 20 19 17 16 15 14 13 12 11 10 9 8 7 6 5 4 3 2 1 
129 79 25 20 19 16 14 13 11 10 9 8 7 6 5 4 3 2 1 
233 79 70 62 56 52 46 41 36 30 29 28 27 26 25 24 23 22 21 20 19 18 17 16 15 14 13 12 11 10 8 7 5 4 2 
72 54 52 45 42 39 38 37 36 35 34 32 31 30 29 28 27 26 25 24 23 22 21 20 19 18 17 16 15 14 12 11 7 
65 56 51 47 45 43 42 34 33 32 31 30 29 28 27 26 25 24 23 22 21 20 19 18 17 16 15 14 13 12 11 10 9 8 7 5 
18 17 16 15 13 12 11 10 9 8 7 6 5 4 3 2 1 
88 14 13 12 11 10 9 8 7 6 5 4 3 2 
161 14 13 12 11 10 9 8 7 6 5 4 3 2 1 
164 16 14 13 11 10 9 8 7 6 5 4 3 2 1 
13 12 11 10 9 8 7 6 5 4 3 2 1 
18 16 15 14 13 12 11 10 9 8 7 6 5 4 3 2 1 
26 25 23 22 20 18 16 15 14 12 11 10 9 8 7 6 5 4 3 2 1 
239 24 23 21 19 18 17 16 15 14 13 12 11 10 9 8 7 6 5 4 3 2 1 
22 19 18 17 16 15 14 13 12 11 10 9 8 7 6 5 4 3 2 1 
48 43 39 37 32 21 18 17 16 15 14 13 12 11 10 9 8 7 6 5 4 3 2 1 
547 14 13 12 11 10 9 8 7 6 5 4 3 2 1 
10 9 7 6 5 4 3 2 1 
85 76 63 54 53 45 42 35 34 32 31 28 27 26 25 24 23 22 21 20 19 18 17 16 15 14 13 12 11 10 9 8 7 6 3 
11 10 9 8 7 6 5 4 3 2 1 
32 24 20 16 14 13 12 11 10 9 8 7 6 5 4 3 2 1 
50 21 19 17 16 15 14 13 12 11 10 9 8 7 6 5 4 3 2 1 
93 66 54 45 42 39 35 34 32 31 30 27 25 24 23 22 21 20 19 18 17 16 15 14 13 12 11 10 9 8 7 6 5 4 3 
14 13 12 11 10 9 8 7 6 5 4 3 2 1 
26 22 21 20 19 16 15 14 13 12 11 10 9 8 7 6 5 4 3 2 1 
19 18 17 16 15 14 13 12 11 10 9 8 7 6 5 4 3 2 1 
36 21 20 18 17 16 15 14 13 12 11 10 9 8 7 6 5 4 3 
24 20 19 18 17 16 15 14 13 12 11 10 9 8 7 6 5 4 3 2 1 
46 33 32 31 28 27 26 25 24 23 22 21 20 19 18 17 16 15 14 13 12 11 10 9 7 6 4 
133 112 36 34 32 28 27 25 24 23 22 21 20 19 18 17 16 15 14 13 12 11 10 9 8 7 6 5 4 
91 74 28 24 18 15 14 13 12 11 10 9 8 7 6 5 4 3 2 1 
21 18 17 16 15 14 13 12 11 10 9 8 7 6 5 4 3 2 
43 42 22 20 18 13 12 11 10 9 8 7 6 5 4 3 2 1 
75 72 26 22 19 18 16 15 14 13 12 11 10 9 8 7 6 5 4 3 2 1 
107 80 64 54 50 46 40 38 37 35 34 33 32 31 30 29 28 27 26 25 24 23 22 21 20 19 18 17 16 15 14 13 12 11 10 9 8 7 6 
89 88 84 72 68 65 58 48 47 43 42 41 39 37 36 35 33 32 31 30 29 28 27 26 25 24 23 22 21 20 19 18 17 16 15 14 13 12 11 9 7 5 
88 34 21 20 18 15 14 13 12 11 10 9 8 7 6 5 4 3 2 1 
51 27 26 24 22 20 19 17 16 15 14 13 12 11 10 9 8 7 6 5 4 3 2 1 
13 12 11 10 9 8 7 6 5 4 3 2 1 
97 19 13 12 11 10 9 8 7 6 5 4 3 2 1 
78 71 32 28 22 20 18 16 15 14 13 12 11 10 9 8 7 6 5 4 3 2 1 
419 199 113 60 41 38 36 33 32 31 30 29 28 27 26 24 23 21 19 18 17 15 14 13 12 11 10 9 8 7 6 5 4 3 2 
29 17 15 13 11 10 9 7 6 5 4 3 2 1 
434 46 23 22 17 15 14 13 11 10 9 8 7 6 5 4 3 2 1 
15 14 13 12 11 10 9 8 7 6 5 4 3 2 1 
75 55 46 45 44 40 39 38 37 36 35 34 31 30 29 27 26 25 24 23 22 21 19 18 17 16 15 14 13 12 11 10 9 8 7 5 4 
575 18 14 12 11 10 9 8 7 6 5 4 3 2 1 
30 25 20 17 16 15 14 13 11 10 9 8 7 6 5 4 3 2 1 
79 73 12 11 10 9 8 7 6 5 4 3 2 1 
58 22 17 16 14 13 12 11 10 9 8 7 6 5 4 3 2 
81 38 32 30 25 23 20 14 13 12 11 10 9 8 7 6 5 4 3 2 1 
14 13 12 11 10 9 8 7 6 5 4 3 2 1 
596 141 119 108 103 102 89 75 74 73 71 67 66 65 62 61 60 55 54 53 51 48 47 42 41 40 39 37 35 34 33 29 28 27 26 25 24 23 22 21 20 19 18 17 16 15 14 13 11 10 
331 33 30 24 23 20 19 17 16 15 14 13 12 11 10 9 8 7 6 5 4 3 2 1 
97 78 27 23 22 21 18 17 16 15 14 13 12 11 10 9 8 7 6 5 4 3 2 1 
41 29 25 18 17 15 12 11 10 9 8 7 6 5 4 3 2 1 
125 78 50 35 30 29 27 26 25 24 22 21 20 19 18 17 16 15 14 13 12 11 10 9 8 7 6 5 4 3 2 1 
139 36 9 8 7 6 5 4 3 2 1 
225 25 21 18 16 14 13 12 11 10 9 8 7 6 5 4 3 2 1 
36 33 32 30 26 25 20 19 18 17 16 15 14 13 12 11 10 9 8 7 6 5 4 3 2 1 
50 44 34 29 28 20 18 17 16 15 14 13 12 11 10 9 8 7 6 5 4 3 2 1 
384 124 105 48 31 23 22 21 20 18 16 15 14 13 12 11 10 9 8 7 6 5 4 3 2 1 
29 19 13 10 9 8 7 6 5 4 3 2 1 
244 86 20 17 13 12 11 10 9 8 7 6 5 4 3 2 1 
29 26 22 18 17 16 15 14 13 12 11 10 9 8 7 6 5 4 3 2 1 
11 10 9 8 7 6 5 4 3 2 1 
310 221 159 83 53 44 27 18 16 15 13 11 10 9 8 7 6 5 4 3 2 1 
403 96 38 15 12 10 9 8 7 6 5 4 3 2 1 
107 57 22 21 20 19 18 16 15 14 13 12 11 10 9 8 7 6 5 4 3 2 
25 22 16 13 12 11 10 9 8 7 6 5 4 3 2 1 
79 58 37 35 34 33 32 27 25 24 23 22 21 20 19 18 17 16 15 14 13 12 11 10 9 8 6 4 2 
29 25 21 20 19 18 17 15 14 13 12 11 10 9 8 7 6 5 4 3 2 1 
65 22 18 17 16 15 13 12 11 10 9 8 7 6 5 4 3 2 1 
19 17 15 14 13 12 11 10 9 8 7 6 5 4 3 2 1 
307 22 21 16 15 13 12 11 10 9 8 7 6 5 4 3 2 1 
46 45 40 38 37 35 33 27 26 25 24 23 22 21 20 19 18 17 16 15 14 13 12 11 10 9 8 7 6 5 4 3 
116 91 82 47 27 22 20 19 18 17 15 14 13 12 11 10 9 8 7 6 5 4 3 2 
93 87 43 40 39 36 32 28 26 25 24 23 22 21 20 19 18 17 16 15 14 13 12 11 10 9 8 7 6 5 4 2 
38 19 16 15 12 11 10 9 8 7 6 5 4 3 2 1 
153 122 108 91 81 69 59 54 51 50 41 37 27 25 24 22 21 18 17 15 14 13 12 11 10 9 8 7 6 5 4 3 2 1 
12 10 9 8 7 6 5 4 3 2 1 
103 67 51 35 32 27 24 23 22 21 14 11 10 9 8 7 6 5 4 3 2 1 
47 26 24 23 21 20 19 17 16 15 14 13 12 11 10 9 8 7 6 5 4 3 2 
163 36 25 22 21 20 18 17 16 15 14 13 12 11 10 9 8 7 6 5 4 3 2 
464 25 19 18 17 16 15 14 13 12 11 10 9 8 7 6 5 4 3 
229 68 32 21 20 17 16 15 14 13 12 11 10 9 8 7 6 5 4 3 2 1 
33 31 26 25 24 20 19 17 16 15 14 13 12 11 10 9 8 7 6 5 4 3 2 1 
24 23 21 18 17 16 15 14 13 12 11 10 9 8 7 6 5 4 3 2 
35 33 32 29 28 27 26 24 23 22 21 20 19 18 17 16 15 14 13 12 11 10 9 8 7 6 5 4 3 
30 29 26 24 23 20 17 16 15 14 13 12 11 10 9 8 7 6 5 4 3 2 
81 27 25 15 13 12 11 10 9 8 7 6 5 4 3 2 1 
100 85 62 40 35 22 18 17 15 14 13 12 11 10 9 8 7 6 5 4 3 2 1 
18 14 11 10 9 8 7 6 5 4 3 2 1 
138 109 15 12 11 10 9 8 7 6 5 4 3 2 1 
17 16 15 14 12 11 10 9 8 7 6 5 4 3 2 1 
21 19 18 16 15 14 13 12 11 10 9 8 7 6 5 4 3 2 1 
86 14 13 11 10 9 8 7 6 5 4 3 2 1 
16 14 13 11 10 9 8 7 6 5 4 3 2 1 
107 30 17 16 13 11 10 9 8 7 6 5 4 3 2 1 
114 50 32 30 27 24 23 22 21 20 19 18 17 16 15 14 13 12 11 10 9 8 7 6 5 4 3 
15 11 10 9 8 7 6 5 4 3 2 1 
74 51 36 35 33 31 20 19 16 15 14 13 12 10 9 8 7 6 5 4 3 2 1 
75 24 17 15 13 12 11 10 9 8 7 6 5 4 3 2 1 
37 14 13 12 11 10 9 8 7 6 5 4 3 2 1 
512 49 43 40 31 30 29 28 27 26 25 24 23 22 20 19 18 17 16 15 14 13 12 11 10 9 8 7 6 5 4 3 
96 59 56 55 54 52 48 44 43 42 40 39 38 37 36 35 34 33 32 31 30 29 28 27 26 25 24 23 22 21 20 19 18 17 16 15 14 13 12 9 
25 18 14 13 12 11 10 9 8 7 6 5 4 3 2 1 
577 23 21 18 17 16 15 12 11 10 9 8 7 6 5 4 3 2 1 
39 33 23 18 17 16 15 14 13 12 11 10 9 8 7 6 5 4 3 2 1 
15 14 13 12 11 10 9 8 7 6 5 4 3 2 1 
79 39 37 31 25 24 21 20 18 17 16 15 14 13 12 11 10 9 8 7 6 5 4 3 2 
449 27 22 21 20 16 15 14 13 12 11 10 9 8 7 6 5 4 3 2 1 
155 53 42 41 38 30 26 25 22 21 20 19 18 17 16 15 14 13 12 11 10 9 8 7 6 5 4 3 2 1 
198 134 128 122 114 108 99 97 96 90 87 86 85 82 78 77 76 73 72 70 67 66 65 64 62 60 55 53 52 51 50 48 47 45 44 43 42 41 40 39 38 35 34 33 32 31 29 28 26 25 24 23 22 20 18 17 16 14 9 
255 123 98 71 70 35 25 22 18 16 13 12 11 10 9 8 7 6 5 4 3 2 1 
251 183 56 54 36 35 27 26 25 21 20 19 18 17 14 13 12 11 10 9 8 7 6 5 4 3 2 1 
42 16 15 14 11 10 9 8 7 6 5 4 3 2 1 
57 31 18 17 16 14 12 11 10 9 8 7 6 5 4 3 2 1 
40 32 29 27 26 25 24 21 20 19 18 17 16 15 14 13 12 11 10 9 8 7 6 5 4 3 2 1 
32 24 23 20 19 17 16 15 14 13 12 11 10 9 8 7 6 5 4 3 2 1 
74 71 68 67 66 65 61 60 59 58 51 50 47 46 45 44 40 39 36 34 32 31 30 29 28 27 26 25 24 23 22 21 20 19 18 17 16 15 14 13 12 11 10 8 
85 23 16 12 11 10 9 8 7 6 5 4 3 2 1 
243 159 85 41 31 29 28 27 23 21 20 17 16 15 13 12 11 10 9 8 7 6 5 4 3 
115 112 76 70 65 45 44 41 38 34 33 30 29 26 25 24 23 22 20 19 18 17 16 15 14 13 12 11 10 9 8 7 6 5 4 2 1 
37 14 13 12 11 10 9 8 7 6 5 4 3 2 1 
95 24 21 14 13 12 10 9 8 7 6 5 4 3 2 1 
233 170 155 32 13 12 11 10 9 8 7 6 5 4 3 2 1 
1033 39 13 12 11 10 9 8 7 6 5 4 3 2 1 
69 42 22 11 10 9 8 7 6 5 4 3 2 1 
24 23 21 18 17 15 14 13 12 11 10 9 8 7 6 5 4 3 2 1 
16 15 14 13 12 10 9 8 7 6 5 4 3 2 1 
29 17 16 15 14 13 12 11 10 9 8 7 6 5 4 3 2 1 
14 13 12 11 10 9 8 7 6 5 4 3 2 1 
17 15 13 12 11 10 9 8 7 6 5 4 3 2 1 
23 20 16 15 14 13 11 10 9 8 7 6 5 4 3 2 1 
37 19 17 14 13 12 11 10 9 8 7 6 5 4 3 2 1 
15 13 12 11 10 9 8 7 6 5 4 3 2 1 
125 22 20 19 17 16 15 14 13 12 11 10 9 8 7 6 5 4 3 2 1 
27 22 18 16 14 13 12 11 10 9 8 7 6 5 4 3 2 1 
274 43 38 36 32 31 30 27 26 25 23 22 21 20 19 18 17 16 15 14 13 12 11 10 9 8 7 6 4 3 
79 47 21 20 17 14 13 12 11 10 9 8 7 6 5 4 3 2 1 
290 39 32 26 25 20 18 16 15 14 13 12 11 10 9 8 7 6 5 4 3 2 1 
70 32 27 26 25 24 21 19 18 16 15 14 13 12 11 10 9 8 7 6 5 4 3 2 
44 35 34 33 32 31 27 26 24 23 22 21 20 19 18 17 16 15 14 13 12 11 10 9 8 7 6 4 
28 27 26 20 18 17 16 15 14 13 12 11 10 9 8 7 6 5 4 3 2 1 
24 18 14 13 11 10 9 8 7 6 5 4 3 2 1 
176 121 118 37 36 29 24 23 22 19 18 16 15 13 12 11 10 9 8 7 6 5 4 3 2 
93 36 35 33 31 29 26 22 18 16 15 14 13 11 10 9 8 7 6 5 4 3 2 1 
43 14 13 12 11 9 8 7 6 5 4 3 2 1 
106 72 42 35 19 17 15 10 9 8 7 6 5 4 3 2 1 
35 19 17 16 15 14 13 11 10 9 8 7 6 5 4 3 2 1 
353 18 16 15 13 12 11 10 9 8 7 6 5 4 3 2 1 
141 125 77 47 36 31 28 27 25 24 22 17 13 10 9 8 7 6 5 4 3 2 1 
202 46 38 36 35 33 28 27 25 23 20 17 16 15 13 12 11 10 9 8 7 6 5 4 3 2 1 
210 14 13 12 11 10 9 8 7 6 5 4 3 2 1 
78 68 66 61 57 54 52 51 50 48 47 45 43 42 41 40 39 38 37 36 35 34 33 32 31 30 29 28 27 26 25 24 23 22 21 20 19 18 17 16 15 
174 169 151 86 72 45 40 33 31 28 27 25 24 23 22 21 20 19 18 17 16 15 14 13 12 11 10 9 8 6 5 
59 46 42 28 21 20 19 18 17 15 14 12 11 10 9 8 7 6 5 4 3 2 1 
53 50 44 38 37 36 34 32 31 26 25 24 20 19 18 17 16 15 14 13 12 11 10 9 8 7 6 5 4 3 1 
77 61 10 9 8 7 6 5 4 3 2 1 
279 31 30 24 19 18 16 15 14 13 12 11 10 9 8 7 6 5 4 3 2 1 
59 16 15 14 13 12 11 10 9 8 7 6 5 4 3 2 1 
39 30 11 9 8 7 6 5 4 3 2 1 
20 16 14 13 12 11 10 9 8 7 6 5 4 3 2 1 
127 26 25 24 23 21 20 19 18 17 16 15 14 13 12 11 10 9 8 7 6 5 4 3 2 1 
58 36 20 18 17 16 15 14 13 12 11 10 9 8 7 6 5 4 3 2 1 
42 21 19 18 17 16 14 13 12 11 10 9 8 7 6 5 4 3 2 1 
19 16 14 13 12 11 10 9 8 7 6 5 4 3 2 1 
313 20 19 18 17 16 15 14 13 12 11 10 9 8 7 6 5 4 3 2 1 
27 26 24 21 20 19 16 15 14 13 12 11 10 9 8 7 6 5 4 3 2 1 
335 107 99 91 80 77 66 60 35 33 32 31 30 24 21 20 19 18 17 15 14 13 12 11 10 9 8 7 6 5 4 3 2 
18 15 14 13 11 10 9 8 7 6 5 4 3 2 1 
67 20 17 16 15 14 13 10 9 8 7 6 5 4 3 2 1 
172 79 23 19 17 16 14 13 12 11 10 9 8 7 6 5 4 3 2 1 
122 12 11 9 8 7 6 5 4 3 2 1 
25 22 19 17 16 15 14 13 12 11 10 9 8 7 6 5 4 3 
184 37 36 35 28 26 25 24 23 22 21 20 19 18 17 16 15 14 13 12 11 10 9 8 7 6 5 4 3 2 1 
50 24 19 16 15 14 12 11 10 9 8 7 6 5 4 3 2 1 
30 29 25 24 21 20 19 17 16 15 14 13 12 11 10 9 8 7 6 5 4 3 2 1 
48 37 23 21 20 16 14 13 12 11 10 9 8 7 6 5 4 3 2 1 
214 81 22 19 18 15 10 9 8 7 6 5 4 3 2 1 
28 16 14 12 11 10 9 8 7 6 5 4 3 2 1 
26 24 22 21 18 15 14 13 12 11 10 9 8 7 6 5 4 3 2 1 
228 105 63 56 52 44 41 39 37 36 32 30 29 28 27 26 24 21 20 19 18 17 16 15 14 13 12 11 10 9 8 7 6 5 4 3 2 1 
38 13 12 11 10 9 8 7 6 5 4 3 2 1 
51 37 32 30 27 24 23 21 20 19 18 17 16 15 14 13 12 11 10 9 8 7 6 5 4 3 2 1 
34 26 24 17 16 15 14 13 12 11 10 9 8 7 6 5 4 3 2 1 
160 39 21 20 18 17 16 15 14 13 12 11 10 9 8 7 6 5 4 3 2 1 
30 23 17 16 15 14 13 12 11 10 9 8 7 6 5 4 3 2 1 
198 117 113 89 57 51 50 40 38 35 26 25 24 22 19 18 17 16 15 14 13 12 11 10 9 8 7 6 5 4 3 2 
215 188 143 93 47 38 36 32 26 24 22 21 20 19 18 17 16 15 14 13 12 11 10 9 8 7 6 5 4 3 
129 59 41 29 26 24 23 22 19 18 17 16 15 14 12 11 10 9 8 7 6 5 4 3 2 1 
562 149 128 123 122 68 65 62 56 51 43 27 24 15 13 12 11 10 9 8 7 6 5 4 3 2 1 
64 20 19 17 16 15 14 13 12 11 10 9 8 7 6 5 4 3 2 1 
89 17 16 12 11 10 9 8 7 6 5 4 3 2 1 
95 54 53 47 45 43 36 35 34 33 32 31 30 29 28 27 26 24 22 21 20 19 18 17 16 15 14 13 12 11 10 9 8 7 6 5 4 3 2 
37 31 21 20 19 18 17 16 15 14 13 12 11 10 9 8 7 6 5 4 3 2 1 
