193 96 60 49 42 20 17 15 12 
179 125 113 94 42 20 13 10 7 
258 236 204 78 59 54 52 48 42 31 
288 13 12 11 9 8 7 6 
301 60 59 57 56 54 49 43 
40 6 5 3 2 1 
46 21 17 14 13 8 6 
214 32 31 25 21 20 19 17 11 8 
332 76 61 59 52 51 47 45 40 
365 92 84 63 60 55 51 43 42 39 
323 33 30 21 19 16 13 11 5 
506 65 63 58 57 54 52 44 39 38 
112 18 16 15 10 8 7 
228 29 17 11 10 8 5 
312 296 252 246 236 149 141 111 77 73 
190 160 142 122 105 95 77 70 53 50 
83 66 65 48 38 35 34 31 25 24 
8 7 6 4 3 1 
13 9 8 7 5 4 3 1 
17 16 13 10 9 6 5 4 
44 17 15 11 10 9 7 6 3 
98 89 77 76 74 73 54 46 45 
39 29 13 11 7 5 4 1 
20 9 8 5 4 2 
245 77 27 26 21 19 15 13 8 
439 54 51 45 43 35 29 24 20 
62 52 41 37 34 33 32 28 21 
17 14 13 10 8 4 
9 7 4 3 2 
174 78 60 52 48 43 25 16 15 
128 125 111 86 50 41 38 37 
29 22 21 20 18 15 12 10 7 6 
343 58 38 33 15 13 7 6 
41 26 23 19 11 10 8 6 5 3 
124 69 63 52 25 23 21 17 15 
22 17 15 10 9 8 
12 8 7 6 4 3 1 
54 47 44 41 27 26 23 20 18 
10 9 8 6 5 4 3 1 
337 38 31 24 23 22 19 12 10 
136 107 77 32 27 21 18 17 10 
131 104 102 86 30 20 13 12 9 
362 37 32 28 26 25 24 11 
100 17 13 12 10 7 6 5 
19 18 17 16 14 12 11 9 
128 28 22 17 15 13 9 
54 20 18 17 16 13 5 
263 63 16 15 13 11 6 5 
157 66 33 32 25 21 18 17 16 13 
210 11 10 7 6 5 3 
334 18 17 11 10 8 7 6 5 
17 13 12 9 8 5 2 
34 33 28 27 23 16 14 
24 23 16 13 11 9 8 6 4 
182 153 137 134 93 92 91 28 20 
234 98 68 56 27 26 20 17 6 5 
27 18 17 14 12 11 9 5 
44 16 15 13 11 9 8 2 
227 26 20 19 18 15 13 12 
74 13 11 8 6 4 3 1 
14 12 11 10 7 6 4 3 1 
15 12 11 9 8 7 5 4 3 
75 68 32 22 17 13 11 10 9 
156 69 22 11 9 7 3 
141 125 97 67 53 27 20 18 12 8 
861 55 34 23 22 21 19 17 14 10 
34 31 29 22 19 18 16 12 
109 19 16 14 10 8 7 6 
102 33 9 6 5 4 2 
33 29 20 17 15 14 12 11 9 8 
48 20 19 17 13 11 9 8 
333 307 77 24 20 16 15 13 12 
302 26 19 18 17 12 8 
9 7 5 3 
89 73 64 16 11 7 6 5 
43 35 34 32 24 20 19 16 14 13 
314 297 59 37 20 17 16 15 8 
164 82 63 62 61 54 53 41 38 34 
21 18 15 11 9 8 7 5 4 
9 8 7 5 4 3 
11 8 6 5 4 3 1 
26 16 14 12 8 6 5 3 
36 33 18 16 15 14 11 8 6 
55 36 33 32 27 21 20 19 17 16 
16 12 10 9 7 6 4 3 
25 21 18 13 10 9 8 6 5 
162 19 14 13 12 11 10 9 7 
172 34 29 28 23 19 16 11 9 
28 8 6 5 4 3 2 
38 29 27 21 18 15 13 
30 24 20 19 18 17 13 12 5 
73 19 14 11 10 9 5 4 3 1 
233 181 53 42 23 15 13 10 9 
277 189 76 15 14 9 8 5 3 
43 42 37 30 29 27 26 16 11 
219 55 20 14 11 6 4 3 
28 17 11 9 7 6 
87 17 16 14 10 9 6 5 
109 18 17 11 10 5 3 
151 20 18 16 14 13 11 
23 21 19 13 12 11 10 6 3 
20 19 18 16 14 13 9 8 6 
67 16 15 14 12 11 6 
72 56 37 33 20 18 12 9 8 
43 37 30 27 24 23 13 10 9 
148 144 143 122 98 96 85 83 76 63 
196 175 167 118 100 94 72 44 43 36 
197 174 135 115 109 10 8 7 5 
19 15 14 13 12 11 8 6 5 3 
12 11 9 8 5 4 3 2 
45 16 15 14 13 9 7 5 
347 24 15 13 11 9 7 6 4 3 
19 18 16 15 13 12 8 6 
662 30 27 25 22 21 20 15 14 
135 10 8 5 4 3 2 
503 34 31 29 24 22 18 16 12 9 
445 23 19 18 17 15 14 12 
84 13 10 9 8 5 4 3 2 
109 95 77 70 56 48 45 44 42 31 
28 23 21 16 12 11 9 5 
38 36 30 23 21 16 11 8 1 
20 17 16 15 14 13 10 8 
28 21 12 11 8 7 5 4 3 
51 20 11 10 9 8 6 3 
80 25 22 18 16 15 13 7 
40 7 6 5 4 3 2 
90 12 7 6 3 2 1 
244 52 43 14 11 10 8 3 
38 26 25 23 20 19 18 16 13 12 
282 19 18 16 15 13 8 6 5 3 
195 101 52 46 44 37 35 30 24 15 
122 71 62 36 34 32 31 26 
46 34 18 16 15 9 8 7 6 
57 10 9 6 5 3 2 1 
40 27 15 13 12 8 7 4 
17 16 12 10 9 8 6 5 
217 194 107 99 83 54 52 29 20 13 
20 15 12 10 7 6 5 
33 27 20 19 18 17 14 13 5 
18 9 8 7 6 3 2 
510 244 23 15 14 9 5 
42 35 22 17 16 14 8 6 5 
25 21 18 16 15 11 8 5 
83 18 10 9 7 6 3 
56 26 21 20 17 16 15 14 
27 23 22 20 18 17 16 
95 79 35 12 8 7 5 3 
33 29 26 18 16 12 10 
21 14 11 7 6 4 3 1 
41 17 13 10 6 5 4 3 
272 63 29 20 15 11 9 5 4 
63 50 47 41 38 37 36 35 
41 33 30 26 23 19 15 10 
12 11 9 8 7 6 5 4 
61 34 12 11 8 7 6 5 2 
206 44 38 9 8 5 4 2 
26 16 14 13 12 11 8 
845 20 18 17 15 14 10 
165 56 52 50 49 47 42 38 36 33 
30 29 23 21 19 13 10 
34 31 29 28 25 23 22 21 20 
83 68 12 7 4 3 2 
571 426 27 11 10 9 8 5 3 
15 13 12 11 9 8 5 3 
213 59 56 52 48 46 39 36 21 14 
18 17 13 12 10 9 5 4 3 
16 15 14 13 12 10 9 
12 6 5 4 1 
629 373 84 68 60 53 48 32 31 26 
57 34 28 20 19 17 16 13 12 9 
22 19 18 12 11 8 6 
54 50 21 20 19 8 7 4 
536 229 220 101 61 60 52 42 35 31 
46 14 12 11 9 8 6 4 3 
106 12 11 10 9 7 6 4 
60 54 36 12 9 7 5 4 3 
128 34 31 27 24 20 16 
21 20 18 15 12 11 9 8 7 6 
47 38 31 29 28 24 22 15 14 
128 29 27 11 10 9 8 5 3 
46 25 24 17 12 11 10 8 
447 43 36 25 21 17 14 13 7 
12 11 7 6 5 3 2 1 
161 116 111 105 84 80 60 58 53 51 
1215 119 26 22 21 17 16 13 
31 30 29 24 22 19 18 14 12 7 
33 28 27 22 16 15 13 12 9 
67 20 14 11 8 7 2 
122 115 110 105 76 52 51 47 28 22 
153 74 51 48 44 42 37 31 29 28 
49 17 9 7 6 5 4 3 
97 76 65 62 56 53 50 47 40 35 
35 31 29 27 26 25 22 21 15 
335 239 91 34 29 17 13 10 7 4 
414 16 15 12 10 9 7 
13 12 8 6 5 4 3 1 
478 32 7 6 5 4 1 
130 86 78 17 13 4 3 1 
194 116 71 67 44 25 14 11 8 
115 26 25 20 19 17 16 14 13 
87 68 67 36 24 16 15 10 9 
94 56 40 28 25 19 17 15 9 
352 46 27 25 21 19 17 16 11 8 
167 148 129 42 37 35 33 26 25 17 
295 187 145 134 120 87 82 75 64 10 
41 39 29 24 17 15 12 11 
278 27 18 17 14 12 11 
29 25 21 18 17 15 13 11 10 
33 22 14 12 11 9 8 5 
14 11 9 8 5 4 3 
23 20 18 16 12 11 7 
9 8 6 5 4 3 2 
305 17 12 10 9 8 7 4 
71 63 60 55 51 50 48 43 40 30 
279 119 23 16 12 11 10 9 8 4 
505 314 138 91 87 60 55 20 12 
485 135 88 84 56 42 41 31 19 
61 36 17 16 11 9 7 
302 166 105 100 90 52 14 11 10 
84 42 32 26 15 14 12 9 7 6 
67 29 25 21 14 9 7 6 
403 41 36 20 11 9 5 3 2 
82 49 12 6 5 4 3 1 
105 102 97 86 79 62 58 56 47 
133 93 73 68 65 63 59 55 48 39 
19 15 12 11 10 7 
17 14 8 6 5 
254 74 71 43 26 23 21 16 15 14 
236 171 92 78 68 65 60 34 21 
18 16 12 11 10 9 7 6 5 
18 15 14 13 12 8 7 6 4 
24 22 18 17 16 15 14 13 11 10 
43 41 32 30 29 23 16 15 13 2 
13 10 8 7 6 4 3 
18 17 15 14 12 11 10 3 
32 26 24 23 21 20 16 13 
35 26 25 22 20 19 18 17 13 
57 50 34 17 13 8 7 5 4 
67 27 17 16 14 13 11 10 7 5 
23 17 12 10 9 7 5 4 
280 19 18 15 14 8 7 4 3 
62 19 17 15 10 9 6 4 
28 21 20 18 14 13 12 10 
68 65 59 26 24 23 18 15 14 5 
16 12 10 9 8 7 5 4 
472 123 89 73 31 21 10 7 
23 22 20 19 18 17 14 11 
11 10 9 6 5 4 
56 41 34 30 29 28 24 21 19 10 
22 11 10 9 8 7 4 3 
15 12 8 6 5 4 
263 54 52 51 45 43 31 26 23 21 
447 18 17 15 12 11 6 5 3 
26 23 19 18 17 16 15 12 
51 22 20 18 16 12 10 9 7 
53 8 7 5 4 2 1 
77 15 14 13 8 6 4 2 
298 220 185 15 14 7 4 2 
86 50 39 21 17 10 7 6 4 
489 335 334 326 73 43 41 31 28 27 
19 18 14 13 11 8 5 
32 30 27 22 20 19 17 12 11 
80 63 11 7 6 5 4 3 
53 7 6 5 3 
146 112 98 90 86 79 78 74 71 
153 15 14 10 9 8 5 
59 49 24 14 13 12 10 9 
12 9 7 6 5 4 3 
123 18 15 13 10 9 8 7 
75 31 28 24 22 21 17 16 
95 91 47 43 42 36 34 30 29 27 
13 11 8 7 6 5 
152 135 14 13 10 7 5 2 
431 403 378 193 146 100 90 38 27 22 
91 14 13 12 10 9 5 
34 26 23 18 14 9 8 7 4 2 
131 17 10 7 6 4 1 
262 16 15 8 7 5 4 2 
59 38 19 10 9 6 5 4 
14 13 12 10 9 8 7 5 
284 19 15 10 9 7 6 
302 271 213 191 126 121 112 34 4 3 
57 49 40 35 34 30 29 
94 85 47 41 36 25 21 20 14 9 
67 38 32 24 22 20 9 8 
90 80 61 38 36 24 21 20 17 11 
21 17 16 15 14 12 5 
38 37 24 16 14 13 7 6 5 3 
39 19 18 17 14 11 9 7 
17 16 15 14 13 11 10 8 
66 51 44 34 27 24 21 17 11 5 
48 47 43 31 27 26 23 19 17 
96 23 22 16 14 12 11 7 
59 58 39 37 33 26 19 14 11 
337 117 77 59 53 23 18 17 16 12 
72 51 45 34 31 26 25 23 14 12 
432 164 52 48 38 36 34 26 25 22 
33 32 24 23 21 18 17 13 12 
539 363 201 172 113 73 58 52 40 33 
154 27 24 17 13 12 9 8 
109 77 41 27 8 6 4 3 1 
564 309 51 47 26 19 17 15 13 
119 60 36 26 25 19 18 17 7 5 
10 9 8 5 3 2 
20 11 10 9 8 7 
34 16 13 11 10 6 4 
27 23 22 13 10 8 5 3 
17 16 14 13 12 11 8 7 
16 13 12 10 9 7 5 4 3 
98 56 31 18 12 7 5 4 
84 61 49 39 32 21 20 17 16 12 
29 19 15 13 11 9 8 7 4 
23 16 15 11 9 5 
29 27 24 23 22 19 17 9 
311 12 9 8 7 5 4 3 
17 10 8 7 4 3 2 
29 27 16 10 8 7 5 4 3 
351 49 26 25 22 20 18 17 13 
22 19 14 13 11 9 7 3 
47 43 29 27 20 7 6 3 1 
45 22 15 14 9 6 
123 75 31 14 10 9 7 5 4 
203 171 161 115 65 43 31 30 26 25 
159 98 87 53 44 42 37 20 10 2 
1082 73 12 10 9 4 3 
1140 87 33 25 20 18 17 16 14 13 
14 9 8 7 6 4 3 
18 10 7 4 3 2 
84 77 74 50 48 43 40 39 31 
126 108 94 87 79 78 69 50 48 46 
22 16 12 11 10 8 7 6 
312 39 35 33 30 29 28 27 18 
15 13 10 9 8 5 4 3 
101 76 71 70 65 60 58 55 51 45 
10 9 8 7 6 4 3 
14 12 10 9 7 5 4 
328 15 12 10 9 6 5 
21 14 13 12 11 10 9 8 6 
19 17 13 12 11 10 9 7 
127 22 20 16 14 11 7 4 
207 23 15 13 12 11 9 8 5 
146 28 21 16 15 13 10 9 5 
54 28 15 12 11 10 6 3 2 
664 241 143 14 13 12 11 8 7 
21 18 15 14 13 12 11 10 
68 63 57 56 44 42 38 23 18 12 
315 103 15 10 7 6 5 4 
67 37 33 24 13 10 8 6 
109 107 65 61 55 48 45 26 21 
333 39 26 25 20 19 17 
55 53 52 45 42 40 38 33 17 
23 19 17 16 15 9 8 5 
75 9 6 5 3 2 
80 34 31 28 26 20 19 11 10 6 
89 48 41 40 30 22 19 10 5 
90 86 70 62 55 51 50 48 43 41 
136 110 48 42 37 34 20 14 12 10 
174 124 78 14 9 8 6 4 2 
252 20 18 17 15 10 8 4 3 
25 17 14 13 10 9 8 7 
813 247 243 143 94 64 52 45 44 41 
13 11 10 8 7 6 3 
30 24 20 13 12 11 10 8 
546 97 91 88 55 50 32 26 21 
81 43 27 26 24 21 19 14 
94 58 24 14 11 10 8 7 6 2 
70 60 59 23 15 14 13 11 8 6 
695 314 203 88 72 61 54 36 35 21 
202 73 30 23 18 17 
9 6 4 3 2 1 
35 19 11 9 5 3 
94 16 7 6 5 4 
15 14 13 11 8 6 5 3 
51 23 20 17 16 15 11 8 
504 63 23 21 18 17 11 
119 110 87 83 17 11 10 9 5 
76 70 17 16 12 11 9 8 7 6 
27 25 21 19 16 9 7 5 3 
106 97 76 35 26 16 15 12 8 2 
168 103 51 47 15 10 8 6 4 
162 115 26 18 14 13 10 7 
120 91 24 21 14 12 11 8 
20 16 13 12 11 10 8 7 
31 27 23 22 20 18 17 
167 41 12 9 8 7 6 5 4 
36 35 30 26 23 21 14 12 11 
99 13 12 11 10 8 
58 15 12 9 8 6 5 
54 34 27 25 18 17 14 10 8 
173 123 99 19 10 9 7 4 
460 56 10 6 5 2 1 
40 38 36 33 30 28 26 19 13 12 
21 18 15 14 12 11 10 7 6 
39 24 21 17 14 11 10 9 
273 233 61 31 30 26 24 16 12 
11 10 6 5 4 3 1 
14 13 12 8 7 6 5 4 
52 51 50 48 44 34 27 23 18 
299 228 207 189 33 28 26 23 17 15 
105 61 18 17 15 12 10 9 6 
37 36 35 31 29 24 20 18 14 
103 62 49 36 26 22 16 7 6 
15 14 13 12 10 8 6 
97 35 5 3 1 
19 16 14 12 11 10 9 
19 18 14 11 10 9 7 6 
65 12 10 9 8 5 3 
1056 43 38 37 36 35 31 26 24 
27 22 20 18 14 12 9 7 5 
41 23 21 20 12 11 9 8 4 
60 13 11 10 7 5 4 2 
42 15 14 12 9 8 7 4 
13 9 8 7 5 2 
163 64 60 43 39 38 32 29 24 20 
42 41 38 30 29 28 24 23 20 
299 11 10 7 6 5 4 3 2 
453 17 9 8 6 5 4 2 
247 244 199 195 38 32 30 29 27 17 
21 12 11 10 8 7 6 5 
43 24 11 10 6 5 3 
261 57 38 28 12 11 8 6 
141 88 27 17 16 9 6 5 
106 66 12 10 6 4 3 2 
162 38 11 7 6 4 
71 37 24 19 17 14 12 11 7 
63 17 16 15 14 13 12 10 4 
332 109 31 27 20 19 18 17 10 
423 140 121 114 25 23 21 18 13 7 
465 34 28 27 25 22 13 11 10 5 
109 24 23 13 12 11 8 3 
35 13 12 11 5 
14 12 10 7 6 4 3 
48 37 36 31 24 20 19 15 14 
100 33 14 13 10 9 8 7 4 
120 51 19 18 16 14 13 12 11 5 
37 34 32 20 18 17 14 10 
353 19 15 13 10 9 8 7 6 
90 87 27 25 18 14 13 10 
165 14 11 10 9 8 6 5 
20 10 7 6 4 3 
183 33 25 20 19 17 14 12 9 
462 458 59 47 45 41 40 31 23 21 
323 104 92 54 32 30 27 24 21 14 
17 15 12 11 10 8 6 5 4 
29 18 16 12 11 8 7 
28 17 16 11 10 7 6 5 
20 18 17 16 14 13 12 10 8 
155 123 17 16 14 13 12 11 
45 35 22 21 18 16 15 14 12 
13 11 7 6 
26 17 15 14 8 7 6 4 3 2 
481 428 306 303 57 23 20 17 16 15 
16 15 13 11 10 6 
852 110 61 59 50 33 31 30 27 25 
77 35 23 18 16 13 10 9 
328 106 85 78 73 72 71 69 66 49 
10 8 7 4 3 1 
29 17 14 12 10 9 7 
84 51 44 39 38 34 26 23 20 
99 90 88 79 74 67 64 62 52 
344 50 32 30 29 24 21 16 15 14 
14 7 5 3 2 
104 15 14 13 10 9 8 7 6 
37 35 29 27 26 24 20 15 14 
12 8 6 5 4 3 1 
83 44 36 34 33 30 28 17 15 12 
267 46 37 34 32 25 22 18 12 
71 10 9 8 7 6 4 1 
359 27 25 24 23 20 18 17 16 10 
37 18 15 13 10 9 8 7 
43 14 13 12 11 10 9 8 4 
30 28 26 24 16 15 14 9 
38 33 31 16 14 13 12 10 
25 19 18 15 14 13 11 8 
22 21 15 13 10 9 8 5 
195 36 30 25 24 19 17 15 11 
22 14 13 12 10 9 7 6 3 1 
394 248 58 41 39 37 27 26 23 
77 26 15 13 12 10 9 6 1 
17 15 14 13 12 9 8 7 
41 16 15 8 7 6 5 2 
67 22 21 17 16 15 14 13 11 9 
18 16 13 12 5 4 3 2 
265 183 115 98 83 75 61 44 28 7 
158 157 153 151 146 144 136 135 134 129 
158 157 153 151 146 144 136 135 134 129 
35 34 28 21 18 15 10 8 6 
286 51 49 48 41 39 38 36 24 
359 218 142 62 29 27 22 14 10 
376 75 20 14 13 12 10 9 8 
352 306 51 27 26 22 18 14 10 9 
67 37 13 8 7 5 2 
10 6 5 4 3 2 1 
77 19 18 14 12 10 7 6 2 
223 68 66 58 46 34 20 11 8 7 
449 10 7 6 4 2 1 
372 13 8 7 5 
45 36 33 32 29 26 23 21 20 19 
77 15 12 11 9 6 5 3 
271 29 28 22 18 17 15 
20 18 14 11 9 8 6 5 2 
88 28 23 20 19 13 6 5 
129 61 47 12 10 8 6 4 
187 131 93 58 57 25 21 20 19 10 
136 85 69 54 45 31 22 18 14 7 
308 46 35 29 26 25 20 19 15 
52 24 23 18 17 16 14 13 12 10 
181 51 34 15 14 11 7 3 
586 88 45 42 8 4 3 2 
15 11 10 9 8 6 3 2 
18 13 9 8 7 3 2 
19 15 13 12 11 10 9 7 4 
280 135 122 24 20 14 10 9 7 2 
111 51 48 45 33 31 30 23 16 
26 13 11 8 5 4 
9 7 6 5 4 3 2 1 
153 32 30 28 26 25 20 18 13 10 
81 15 13 10 9 6 5 
13 11 9 8 7 6 4 
104 19 12 9 8 7 5 
35 26 24 23 21 18 11 9 
30 29 27 25 23 19 15 11 7 
90 41 28 26 25 22 21 12 8 5 
107 66 63 50 35 34 31 29 23 17 
75 41 29 18 14 13 11 10 9 
31 24 21 19 14 13 11 10 7 
145 142 36 30 21 19 18 15 14 
204 15 14 8 7 6 5 3 
756 42 39 27 26 24 21 18 16 12 
242 28 9 7 4 3 
657 120 33 29 21 19 11 7 6 
126 13 8 7 5 4 2 
18 16 15 8 7 6 4 
91 88 11 10 9 8 7 6 5 
64 42 39 37 36 33 31 30 25 23 
30 17 16 14 13 10 9 8 
58 16 15 13 8 7 6 5 4 
478 251 127 108 106 75 66 41 13 8 
177 137 128 100 13 7 6 5 4 
63 15 13 12 10 9 7 
430 338 221 219 93 81 78 30 19 17 
32 12 8 4 3 2 1 
68 17 13 9 8 6 4 3 
47 33 30 28 23 21 18 
14 13 12 11 9 8 7 5 
371 70 43 41 38 37 29 28 20 18 
29 25 19 18 17 13 12 9 
9 8 7 6 4 3 2 
20 11 10 9 8 5 3 
31 28 20 17 15 11 8 
75 68 66 58 52 49 44 42 41 
274 174 146 90 78 18 15 11 7 4 
65 17 14 12 11 9 7 5 
358 105 70 53 18 16 14 13 11 5 
231 167 112 96 82 70 56 35 18 17 
101 15 14 13 10 9 5 3 
197 182 65 51 40 30 26 18 13 9 
40 34 33 27 21 20 19 18 
25 20 17 13 11 10 8 6 4 
230 45 20 11 10 9 8 6 
349 340 272 208 167 156 147 122 103 
335 334 270 223 216 196 114 101 47 32 
583 499 373 367 234 199 192 142 38 28 
419 172 133 24 22 19 17 14 9 8 
63 57 38 35 26 23 16 11 
65 18 16 12 11 9 5 
65 64 45 37 32 31 30 27 26 19 
36 34 32 31 25 24 22 21 18 14 
28 25 23 20 19 17 13 
21 10 6 5 4 3 2 
983 21 19 18 13 12 11 
34 17 12 11 10 9 8 7 4 
305 26 20 16 14 13 10 9 
28 24 23 20 15 14 13 11 
21 13 12 10 9 5 3 2 
22 11 9 8 7 4 3 
202 73 19 17 16 15 13 10 9 
439 328 169 77 18 11 9 7 6 5 
31 17 16 14 10 7 6 4 
71 33 24 17 15 12 10 7 
35 26 24 23 18 15 14 10 6 
82 28 23 16 12 8 7 2 
310 21 17 13 9 8 5 3 
317 35 22 21 20 15 13 11 9 8 
216 160 79 28 22 21 20 19 9 7 
299 120 92 78 76 65 52 41 
276 155 98 74 16 10 8 7 6 
28 10 8 7 6 5 3 
465 47 24 22 21 19 15 10 7 6 
128 113 60 53 24 21 17 8 7 
80 55 52 17 16 15 13 8 
168 155 112 96 67 65 55 54 49 47 
104 41 35 30 27 25 24 22 18 15 
582 282 197 191 99 93 89 80 75 57 
234 150 80 23 20 16 13 12 11 4 
494 84 83 54 24 22 21 20 16 
139 94 19 9 8 7 6 4 3 
27 12 10 9 6 5 3 1 
19 14 10 9 7 
210 14 13 11 8 7 5 3 
476 124 109 77 60 54 35 32 25 21 
345 334 237 48 38 35 29 28 
111 18 16 11 10 7 
29 18 16 14 13 11 9 8 7 
11 10 9 7 6 5 4 2 
19 13 11 9 8 7 6 5 4 
29 25 21 20 19 17 15 11 
91 17 12 11 9 5 4 2 
407 15 14 9 8 6 5 4 
10 9 7 5 4 3 2 
39 26 23 21 20 18 17 15 14 
35 20 18 17 14 11 7 5 
8 5 4 3 
256 12 10 8 7 5 3 
81 28 27 24 18 14 13 12 
219 18 15 11 9 8 7 6 4 
643 51 21 20 18 16 14 11 
758 199 168 164 159 148 144 141 114 112 
430 82 49 40 31 29 28 21 5 
348 341 73 37 25 15 14 11 8 
283 203 129 32 30 23 19 18 17 9 
722 200 128 122 77 38 34 33 27 22 
19 17 15 12 11 10 9 7 
53 24 19 14 13 8 7 6 
216 59 58 43 42 40 35 27 16 13 
120 78 76 74 64 59 58 49 37 33 
64 26 12 11 10 9 8 6 5 3 
71 70 41 39 15 14 13 12 11 6 
341 44 35 18 15 13 12 10 8 5 
11 8 7 6 4 3 1 
139 37 18 12 11 8 6 5 4 2 
169 49 48 43 39 36 31 28 22 
21 20 19 18 16 13 11 7 5 
653 36 27 23 21 20 17 13 7 6 
96 23 9 8 6 3 2 
110 63 44 20 17 15 7 6 3 
23 20 18 17 16 13 12 11 10 
106 14 8 7 4 3 2 
19 16 10 7 6 5 4 2 
35 23 22 18 13 12 10 8 7 
60 33 32 22 19 18 14 11 8 
9 6 4 3 2 1 
187 120 90 83 64 32 30 14 13 11 
85 71 57 44 34 29 23 20 14 9 
292 191 13 10 9 8 6 4 
479 72 58 33 30 25 24 17 12 
129 103 101 85 48 22 21 19 15 
18 15 14 11 10 9 8 6 5 4 
115 22 17 15 12 11 10 7 
31 9 7 6 5 4 3 
18 16 14 12 10 8 7 4 
12 9 8 7 6 4 2 
15 11 10 9 7 6 5 2 
26 15 13 12 10 9 8 6 5 
122 43 42 37 34 31 27 24 22 
37 35 25 21 19 17 16 14 
125 85 49 9 7 6 5 4 
12 11 6 4 3 
147 70 38 31 29 28 24 11 8 
41 15 12 9 8 6 4 
97 22 16 15 8 7 6 
184 36 23 22 11 10 7 6 5 
30 22 21 19 18 16 13 
40 38 36 35 24 23 21 8 7 3 
482 291 51 50 12 8 7 6 4 
113 108 103 91 49 48 43 10 9 8 
21 17 16 12 11 10 9 5 4 
180 39 10 8 6 4 
87 67 46 36 16 11 10 7 
16 15 11 10 9 8 6 
129 123 116 66 61 55 48 38 33 30 
32 14 13 11 10 9 8 6 4 2 
353 229 91 51 34 33 24 22 21 
301 140 132 62 40 30 29 25 
44 39 36 32 21 20 19 17 11 10 
116 17 13 12 8 7 4 
16 15 12 10 9 8 6 5 
479 89 58 47 46 29 25 22 18 
31 23 20 17 16 14 13 12 9 
142 115 113 101 77 74 71 68 65 60 
13 9 8 6 4 2 
181 16 14 8 7 6 4 2 
17 13 10 8 7 5 3 
84 38 25 21 19 18 12 10 
81 18 15 13 11 8 7 5 
206 22 17 15 14 9 8 6 
55 17 11 10 7 6 5 4 2 
7 6 5 4 2 1 
108 96 40 20 13 11 9 8 6 
54 32 31 27 25 20 19 15 14 13 
64 54 46 44 36 32 30 
36 33 32 29 27 25 21 18 
28 21 15 14 11 9 6 5 
411 97 65 50 29 27 24 19 17 
346 23 17 14 13 11 8 6 
159 142 100 91 87 85 69 67 62 
61 52 24 20 19 18 17 14 9 5 
213 112 109 105 54 43 30 27 26 15 
467 188 167 127 66 38 35 23 19 12 
440 142 99 66 52 42 39 35 33 15 
161 51 27 21 20 15 14 13 10 7 
11 8 7 6 5 4 2 
328 291 259 239 182 171 131 73 70 
227 138 100 74 15 13 6 4 2 
60 9 7 6 4 3 
213 167 97 83 8 7 6 5 4 
78 58 53 9 8 6 4 2 
474 175 163 40 35 24 18 17 8 5 
17 11 10 6 4 
103 12 10 9 8 7 6 3 
405 99 75 62 36 20 17 15 9 7 
624 118 52 41 20 19 15 13 8 7 
16 14 11 9 8 7 
36 10 9 8 7 6 4 2 
24 23 16 15 11 9 8 5 
90 87 30 24 22 19 14 13 9 
440 392 356 290 225 195 177 168 84 61 
93 60 44 28 24 21 20 18 10 
13 9 8 7 3 2 
50 36 14 12 10 9 8 7 6 
32 31 30 25 24 18 17 16 12 
41 27 26 22 21 20 18 16 15 
222 55 28 25 19 17 16 13 12 10 
40 15 13 9 8 7 4 2 
99 71 44 41 32 30 29 24 16 
23 15 14 12 11 9 3 
16 15 14 13 12 11 6 4 
19 15 12 8 7 5 
98 48 42 36 29 22 15 14 
109 97 33 28 18 16 13 11 
512 115 106 18 17 16 15 14 12 8 
36 24 19 13 12 10 9 8 
31 23 16 15 13 12 10 5 
8 5 4 2 
53 29 13 10 5 4 
141 92 40 31 29 24 
402 35 16 13 11 10 7 6 
84 30 29 27 14 13 12 11 9 8 
8 7 5 4 3 1 
29 26 25 21 19 18 12 
29 28 25 21 20 17 16 13 9 8 
527 153 127 79 73 66 30 19 13 8 
905 230 194 99 81 32 17 15 13 11 
24 16 14 13 12 10 8 6 3 
503 426 20 13 9 8 7 3 
478 15 14 13 11 9 8 2 
100 51 5 4 3 2 
407 385 381 368 363 358 265 219 196 178 
38 30 27 24 23 21 19 14 
611 173 144 41 34 31 29 21 20 
443 44 43 29 25 13 9 7 
75 23 19 16 13 11 9 6 4 2 
167 64 29 26 20 15 13 11 6 
46 45 41 32 28 27 25 23 
52 12 7 6 5 4 2 
9 8 7 6 4 
30 28 26 20 19 14 12 6 4 
54 46 32 30 11 9 4 3 2 
43 36 34 31 29 25 18 16 14 13 
21 20 17 14 13 12 10 8 7 
92 62 61 58 57 54 40 38 30 26 
53 27 22 21 19 18 15 11 9 
39 35 24 22 19 16 14 11 9 
38 29 27 22 19 15 13 9 
437 27 18 16 14 12 11 9 8 
404 13 12 9 8 7 1 
20 18 11 10 8 5 4 
126 34 26 17 11 9 8 4 1 
35 31 29 28 27 24 23 20 
196 28 27 21 18 13 12 10 4 
42 40 21 19 17 16 14 13 11 10 
348 15 12 9 8 6 4 
79 21 16 12 11 10 9 7 6 
265 190 177 47 37 26 21 18 12 6 
268 255 198 151 145 121 111 107 97 42 
22 19 15 11 10 7 6 
19 14 13 11 8 7 
140 15 14 11 9 8 
938 27 26 17 15 12 11 
26 18 16 14 11 6 5 
1004 66 14 7 6 5 4 2 
68 10 9 7 6 4 3 2 
137 34 19 16 14 13 12 11 8 
19 15 12 9 8 7 6 4 
287 225 108 88 86 79 32 30 8 6 
27 25 24 17 16 15 14 13 
183 11 10 8 7 5 2 
57 20 10 9 6 5 4 2 
23 20 17 11 10 7 
30 27 26 25 23 21 20 15 14 12 
27 25 23 19 16 14 12 8 7 
26 23 21 19 17 15 11 8 
57 55 51 35 32 29 28 27 24 18 
20 17 10 9 8 7 5 4 3 
9 6 5 4 3 2 
15 11 9 8 7 5 4 3 
181 45 34 32 31 26 23 20 13 
44 40 36 29 26 21 19 16 15 
32 28 26 25 21 16 14 13 11 7 
68 19 18 15 13 9 7 4 
24 17 16 14 13 9 8 6 2 
40 26 24 21 20 18 12 
10 9 7 6 4 2 
24 20 14 12 8 5 4 
36 22 19 16 15 14 11 8 
129 79 25 20 14 9 5 3 
233 79 70 62 52 46 41 36 27 25 
72 54 52 45 42 37 36 35 
65 47 43 34 33 32 29 27 25 
17 15 13 12 10 8 7 3 
88 13 10 9 8 7 6 
161 11 8 7 5 3 
164 16 13 11 8 4 3 2 
13 11 9 6 4 2 
18 16 15 10 8 7 5 4 
26 25 22 16 15 9 8 5 
239 24 23 21 19 18 17 14 
22 19 17 15 13 11 10 9 8 
48 37 32 17 16 14 10 8 7 
547 13 12 11 9 7 6 5 
9 7 6 5 3 
85 76 63 54 53 45 42 35 25 
11 7 6 5 4 3 2 
32 20 10 9 7 6 4 
50 21 17 13 11 10 9 6 
93 66 54 45 35 32 31 25 19 
14 12 11 9 7 6 5 
20 19 16 15 14 11 9 7 4 
19 18 16 15 14 12 8 
36 20 16 14 13 11 10 
24 20 19 18 17 16 14 11 9 7 
32 28 27 25 23 22 21 17 
133 112 36 34 32 24 22 20 19 
91 74 24 18 12 10 8 7 6 
17 14 12 10 9 8 
43 42 22 13 11 10 8 7 
75 72 26 22 15 14 12 10 9 7 
107 64 54 46 31 25 24 21 
88 84 72 68 58 41 39 29 25 19 
88 34 20 15 13 11 7 6 5 
51 27 24 22 20 19 17 15 13 
8 7 5 4 3 2 1 
97 19 11 10 9 8 7 6 5 
78 71 20 16 15 9 8 7 6 4 
419 199 113 60 38 36 32 30 24 23 
29 15 11 10 7 6 4 3 1 
434 46 23 22 10 8 7 4 
15 12 11 10 9 8 7 4 
75 55 46 38 34 30 24 22 17 
575 18 11 10 9 8 5 4 3 
20 17 16 14 13 11 9 7 
79 73 12 10 7 6 5 4 
58 22 16 12 11 9 8 6 
81 38 32 23 14 11 10 6 5 
11 10 9 8 7 4 3 2 1 
596 141 102 89 75 73 71 67 62 53 
331 23 19 14 12 11 9 7 
97 78 27 22 21 15 13 12 7 
41 29 25 18 17 12 11 9 8 4 
125 78 30 27 26 21 19 18 14 12 
139 36 8 7 5 4 3 2 
225 25 21 16 9 8 7 
36 33 32 17 16 14 11 8 
50 44 29 28 20 18 16 15 14 5 
384 124 105 48 23 21 15 14 12 11 
29 19 13 6 4 3 2 
244 86 20 17 13 10 9 3 
26 22 18 16 15 14 11 
10 6 4 3 2 1 
310 221 159 83 53 44 13 8 6 
403 96 38 12 5 4 3 
107 20 18 12 11 9 6 4 
25 22 16 12 9 8 7 4 3 
79 58 37 34 33 32 27 
29 25 20 19 14 10 9 
65 22 17 16 12 8 6 4 
17 14 12 11 10 9 8 4 
307 21 15 13 9 8 6 5 3 
46 40 37 35 33 27 23 21 19 16 
116 91 82 27 22 17 13 10 8 6 
93 87 43 39 32 23 22 19 9 
38 11 8 7 6 4 3 2 
153 122 108 91 81 69 54 51 50 
12 9 8 5 3 2 
103 67 51 35 32 27 24 23 22 6 
47 23 20 19 16 14 12 11 
163 36 25 22 12 11 9 8 7 
464 25 19 18 17 15 12 7 5 
229 68 32 21 14 13 11 10 8 6 
33 31 26 25 24 20 19 17 12 9 
24 23 21 18 16 13 12 9 
33 28 27 26 24 23 21 19 14 13 
30 29 26 24 16 15 12 11 
81 13 11 10 9 8 4 3 1 
100 85 62 18 15 13 12 11 10 5 
18 14 10 7 5 4 3 
138 109 15 11 9 8 6 2 
15 12 11 10 9 8 5 
21 18 15 14 9 8 6 
86 13 11 9 8 7 5 4 3 
13 11 10 9 8 7 6 
107 16 13 11 10 7 6 5 3 
114 50 30 27 24 23 19 18 12 
11 10 9 8 7 6 4 3 
74 51 36 35 33 31 20 9 7 
75 13 12 10 9 7 6 3 2 
37 14 12 10 9 6 
512 49 43 40 31 30 29 26 18 
96 59 56 54 44 43 38 36 31 
25 18 10 8 7 6 5 2 
577 23 15 12 11 10 7 5 4 
33 17 16 15 14 13 11 8 6 
15 14 10 8 7 6 
79 39 37 31 24 21 20 18 14 
449 27 22 21 13 12 10 8 
155 53 42 41 25 21 13 11 
198 134 128 122 108 99 90 87 73 70 
255 123 98 70 18 12 11 8 5 
251 183 56 54 36 35 27 19 13 12 
42 16 14 11 8 7 6 4 
57 31 18 14 12 11 9 8 6 5 
32 29 26 25 24 21 20 18 14 
32 24 20 17 16 15 14 13 12 
71 68 67 66 65 61 59 58 46 
85 23 16 12 11 9 6 5 
243 159 85 41 31 29 28 23 21 
115 112 70 65 45 44 30 29 22 11 
37 12 10 9 8 7 6 1 
95 24 21 12 9 6 5 4 3 
233 170 155 32 13 10 4 3 
1033 11 10 9 6 5 3 
69 42 22 11 10 9 8 5 
24 23 21 18 15 12 9 7 
13 10 9 7 6 1 
29 14 13 12 11 10 7 6 
10 8 7 6 5 4 3 
17 15 13 12 10 9 8 7 
23 16 15 13 11 7 6 
19 14 11 8 7 6 5 
10 8 7 6 5 3 
125 22 19 15 14 13 11 10 3 
27 18 14 12 11 8 7 6 
274 43 38 36 32 30 26 
79 47 21 14 13 10 9 
290 39 26 25 20 14 13 11 10 
70 32 27 26 25 24 21 18 10 
44 35 34 33 32 31 24 18 14 
28 16 13 12 11 8 7 4 
24 18 10 9 8 7 6 5 4 
176 121 118 37 19 16 15 12 10 8 
93 35 33 31 29 22 18 16 14 11 
43 8 7 6 2 
106 72 42 35 19 17 7 6 5 
15 14 11 10 8 7 6 
353 16 13 12 11 9 8 
141 125 77 47 31 28 25 13 7 4 
202 46 38 36 33 28 27 25 
210 9 8 7 4 
68 66 61 57 54 51 50 41 40 36 
174 169 151 86 72 40 33 31 27 23 
59 46 28 21 19 17 12 11 10 
53 50 44 37 36 34 32 31 20 9 
77 61 9 7 5 4 3 
279 24 18 16 11 10 9 7 4 
59 14 8 7 6 3 
39 30 6 4 1 
20 14 13 12 11 7 5 
127 26 24 17 16 11 10 
58 20 18 16 15 13 10 9 7 
42 19 17 14 12 11 7 
19 16 14 11 9 7 5 4 3 
313 20 19 18 16 13 10 7 
24 20 16 15 14 13 11 9 7 3 
335 107 99 91 80 66 33 32 30 9 
18 15 14 11 10 9 6 5 4 
67 16 9 7 5 4 
172 79 23 16 13 12 10 6 
122 12 11 8 7 6 3 2 
25 19 17 15 14 8 5 4 
184 37 36 35 28 21 20 16 12 
50 24 19 16 11 9 7 4 
30 24 21 16 15 14 12 11 5 
48 37 23 21 20 13 12 10 6 
214 81 22 19 9 7 6 5 4 
28 16 11 7 6 4 
18 12 10 8 6 5 3 
228 63 52 39 37 27 26 24 16 
38 10 7 6 5 4 3 
51 37 32 24 23 20 19 17 
34 26 13 10 9 8 7 
160 39 20 16 14 13 12 8 7 
23 17 9 8 7 5 4 
198 117 113 89 57 50 40 38 22 17 
215 188 143 93 47 38 36 32 26 20 
129 59 41 26 24 23 19 
562 149 128 123 122 68 65 56 51 12 
64 19 17 16 15 14 11 10 8 
89 16 12 11 7 6 5 4 2 
95 54 53 45 43 35 29 16 14 
37 21 20 16 14 13 11 10 
