193 
179 
258 
288 
301 
40 
17 
214 
332 
365 
323 
506 
112 
228 
312 
190 
83 
3 
7 
16 
44 
89 
29 
9 
245 
439 
21 
10 
3 
174 
125 
29 
343 
41 
124 
17 
12 
54 
6 
337 
136 
131 
362 
100 
17 
128 
54 
263 
157 
210 
334 
5 
33 
16 
182 
234 
18 
44 
227 
74 
14 
15 
75 
156 
141 
861 
34 
109 
102 
33 
48 
333 
302 

64 
43 
297 
164 
21 
5 
8 
26 
33 
27 
16 
18 
162 
172 
28 
27 
19 
73 
233 
189 
37 
219 
28 
87 
109 
151 
23 
14 
67 
72 
43 
148 
196 
197 
19 
8 
45 
347 
19 
662 
135 
503 
445 
84 
109 
28 
30 
14 
28 
51 
80 
40 
90 
244 
38 
282 
195 
122 
34 
57 
40 
10 
194 
20 
17 
8 
510 
35 
21 
83 
56 
22 
79 
29 
14 
41 
272 
63 
41 
9 
34 
206 
26 
845 
165 
30 
34 
68 
571 
8 
213 
17 
12 
12 
629 
12 
19 
50 
536 
12 
106 
60 
128 
20 
47 
128 
46 
447 
7 
116 
1215 
31 
28 
67 
122 
153 
49 
97 
27 
335 
414 
8 
478 
130 
194 
115 
68 
94 
352 
167 
295 
39 
278 
29 
33 
3 
23 
9 
305 
63 
279 
505 
485 
61 
302 
84 
25 
403 
82 
102 
133 
19 
17 
254 
236 
7 
13 
13 
43 
6 
15 
32 
22 
57 
67 
12 
280 
62 
14 
68 
16 
472 
22 
11 
34 
9 
12 
263 
447 
26 
51 
53 
77 
220 
86 
489 
19 
30 
63 
53 
146 
153 
59 
7 
123 
75 
95 
7 
135 
378 
91 
23 
131 
262 
59 
7 
284 
302 
57 
85 
32 
90 
17 
38 
39 
17 
66 
48 
96 
59 
337 
72 
432 
33 
539 
154 
109 
564 
119 
8 
7 
34 
27 
16 
10 
98 
84 
29 
23 
19 
311 
17 
29 
351 
22 
43 
15 
75 
203 
159 
1082 
1140 
14 
2 
84 
126 
16 
312 
13 
58 
9 
14 
328 
12 
17 
127 
207 
146 
15 
664 
10 
57 
315 
67 
109 
333 
55 
19 
75 
80 
41 
86 
136 
174 
252 
25 
813 
10 
30 
546 
43 
94 
70 
695 
202 
4 
35 
94 
15 
17 
504 
83 
76 
27 
97 
168 
162 
120 
7 
23 
167 
21 
99 
15 
54 
123 
460 
36 
21 
24 
273 
10 
14 
48 
299 
105 
31 
103 
13 
97 
16 
11 
65 
1056 
20 
41 
11 
14 
5 
163 
41 
299 
453 
244 
21 
24 
261 
141 
106 
162 
37 
63 
332 
423 
465 
109 
11 
12 
48 
100 
120 
34 
353 
90 
165 
20 
183 
462 
323 
17 
29 
10 
16 
155 
18 
13 
26 
428 
16 
852 
18 
328 
7 
29 
44 
90 
344 
14 
104 
29 
6 
36 
267 
71 
359 
8 
13 
26 
33 
25 
21 
195 
22 
394 
77 
14 
41 
67 
18 
265 
146 
146 
10 
286 
359 
376 
352 
67 
4 
77 
223 
449 
372 
33 
77 
271 
8 
88 
129 
187 
136 
308 
24 
181 
586 
10 
18 
19 
280 
51 
13 
6 
153 
81 
9 
104 
18 
23 
90 
107 
75 
24 
145 
204 
756 
242 
657 
126 
16 
88 
64 
17 
58 
478 
177 
63 
430 
32 
68 
30 
14 
371 
29 
3 
20 
31 
58 
274 
65 
358 
112 
101 
197 
34 
11 
230 
340 
334 
583 
419 
63 
12 
65 
36 
23 
21 
983 
11 
305 
24 
21 
11 
202 
439 
16 
71 
18 
82 
310 
317 
216 
299 
276 
28 
465 
113 
80 
168 
104 
582 
234 
494 
94 
27 
19 
210 
476 
345 
111 
29 
9 
19 
29 
91 
407 
9 
20 
20 
8 
256 
81 
219 
643 
758 
430 
348 
283 
722 
19 
24 
216 
120 
64 
71 
341 
8 
139 
169 
21 
653 
96 
110 
17 
106 
6 
23 
60 
9 
187 
85 
292 
479 
129 
15 
115 
31 
14 
9 
10 
26 
122 
37 
125 
11 
147 
41 
97 
184 
19 
36 
482 
113 
9 
180 
67 
15 
116 
32 
353 
301 
44 
116 
12 
479 
23 
101 
9 
181 
5 
21 
81 
206 
55 
5 
96 
54 
54 
33 
9 
411 
346 
159 
52 
213 
467 
440 
161 
8 
328 
227 
60 
213 
78 
474 
10 
103 
405 
624 
16 
36 
24 
87 
440 
60 
13 
50 
30 
41 
222 
40 
99 
15 
14 
15 
98 
109 
512 
10 
23 
4 
13 
141 
402 
84 
3 
19 
25 
527 
905 
24 
503 
478 
100 
407 
38 
611 
443 
75 
167 
45 
52 
8 
30 
54 
34 
14 
92 
21 
39 
38 
437 
404 
11 
126 
28 
196 
17 
348 
79 
177 
268 
22 
14 
140 
938 
26 
1004 
68 
137 
15 
287 
27 
183 
57 
20 
26 
27 
21 
57 
20 
2 
11 
181 
29 
21 
68 
24 
40 
2 
12 
36 
129 
233 
72 
43 
15 
88 
161 
164 
11 
18 
15 
239 
15 
48 
547 
7 
85 
6 
20 
50 
93 
14 
15 
14 
36 
24 
32 
133 
91 
17 
13 
75 
64 
88 
88 
51 
4 
97 
78 
419 
29 
434 
15 
75 
575 
13 
79 
58 
81 
9 
596 
331 
97 
25 
78 
139 
225 
33 
50 
384 
29 
244 
26 
10 
310 
403 
107 
25 
79 
29 
65 
11 
307 
46 
91 
87 
38 
153 
12 
103 
47 
163 
464 
229 
25 
21 
24 
24 
11 
85 
10 
138 
15 
8 
86 
11 
107 
114 
6 
74 
75 
37 
512 
56 
25 
577 
13 
15 
79 
449 
155 
198 
255 
251 
42 
57 
26 
32 
71 
85 
243 
112 
37 
95 
233 
1033 
69 
15 
7 
29 
7 
15 
23 
19 
8 
125 
18 
274 
79 
290 
70 
44 
28 
6 
176 
93 
43 
106 
8 
353 
125 
202 
210 
61 
174 
59 
50 
61 
279 
59 
39 
14 
127 
58 
42 
16 
313 
24 
335 
14 
67 
172 
122 
19 
184 
50 
12 
48 
214 
11 
18 
228 
38 
37 
34 
160 
17 
198 
215 
129 
562 
64 
89 
95 
11 
