1 1500 12 
193 23110
179 23108
258 23158
288 21432
301 14771
40 24299
17 21284
214 16965
332 15797
365 14917
323 13626
506 15887
112 15639
228 20559
312 22565
190 20785
83 14721
3 24518
7 22838
16 22430
44 19592
89 11665
29 22274
9 23908
245 21458
439 14847
21 17282
10 22787
3 24540
174 24478
125 23066
29 22255
343 21994
41 22747
124 19023
17 22690
12 23450
54 9657
6 23235
337 19278
136 18858
131 18495
362 19036
100 22462
17 13047
128 18588
54 22359
263 18872
157 17588
210 23277
334 22112
5 21171
33 18972
16 19468
182 20668
234 23577
18 17037
44 21388
227 18798
74 24145
14 22718
15 20823
75 19289
156 21981
141 17395
861 19662
34 14915
109 20671
102 24579
33 20211
48 13344
333 19676
302 16800
0 25266
64 22278
43 19104
297 20633
164 15881
21 23585
5 24036
8 22847
26 21308
33 19743
27 17057
16 23325
18 23091
162 20171
172 17185
28 24358
27 17241
19 20180
73 23761
233 22924
189 23088
37 16330
219 21227
28 21736
87 19784
109 20942
151 18510
23 21879
14 17118
67 20794
72 21265
43 21084
148 20958
196 23439
197 20817
19 23839
8 22168
45 20382
347 20039
19 22759
662 21372
135 24854
503 20468
445 22001
84 24545
109 9796
28 18667
30 18974
14 21257
28 22015
51 22026
80 19819
40 23194
90 22856
244 20725
38 17011
282 20709
195 12194
122 12628
34 19762
57 24473
40 15960
10 22233
194 18082
20 23859
17 20353
8 22843
510 22722
35 19678
21 12949
83 18716
56 21473
22 11007
79 23708
29 20905
14 21612
41 21216
272 21088
63 12898
41 16235
9 23464
34 23389
206 23479
26 17435
845 21698
165 10564
30 15878
34 18665
68 24419
571 22363
8 20593
213 12411
17 21317
12 20942
12 22255
629 14932
12 18979
19 19604
50 23739
536 14851
12 23952
106 23652
60 22085
128 20511
20 22409
47 18840
128 22684
46 22646
447 18970
7 21808
116 14281
1215 21434
31 13614
28 15353
67 20956
122 19221
153 20533
49 24882
97 14874
27 16466
335 20584
414 23251
8 23876
478 24005
130 22479
194 22647
115 20182
68 19344
94 20416
352 21128
167 17955
295 22983
39 20213
278 14854
29 14989
33 21539
3 23128
23 16366
9 23363
305 21168
63 15494
279 20000
505 22254
485 12954
61 19463
302 20918
84 21668
25 22189
403 23156
82 24334
102 7848
133 12894
19 18809
17 17375
254 20761
236 20439
7 21460
13 21513
13 13115
43 13892
6 23199
15 20935
32 12357
22 11622
57 23617
67 20539
12 21309
280 20631
62 18797
14 21173
68 15442
16 21930
472 16978
22 16151
11 23603
34 18553
9 23971
12 22915
263 17551
447 20569
26 15444
51 19128
53 20915
77 21697
220 23319
86 20256
489 15034
19 17353
30 17254
63 23175
53 19064
146 7789
153 20340
59 19148
7 24295
123 19935
75 12097
95 17296
7 22615
135 22547
378 16520
91 22445
23 21589
131 20741
262 19946
59 22360
7 19862
284 18520
302 23077
57 9632
85 20927
32 16709
90 17971
17 17475
38 23713
39 18491
17 15566
66 19269
48 9640
96 19526
59 22638
337 21936
72 14253
432 19352
33 10048
539 17165
154 18921
109 24468
564 18938
119 15835
8 23389
7 18486
34 19893
27 22752
16 18681
10 22497
98 20420
84 14382
29 20988
23 19342
19 15425
311 21863
17 21178
29 20453
351 19028
22 16331
43 24686
15 21210
75 20989
203 23058
159 23367
1082 22087
1140 19235
14 24359
2 22844
84 8326
126 7892
16 22129
312 18748
13 21310
58 7846
9 23233
14 20877
328 21433
12 21038
17 20775
127 20410
207 20740
146 14627
15 17929
664 20833
10 17244
57 20356
315 22889
67 21737
109 18960
333 20055
55 18077
19 19233
75 24498
80 23530
41 22776
86 13399
136 22648
174 18144
252 18842
25 21398
813 15152
10 22659
30 19938
546 18367
43 22039
94 22801
70 23270
695 16486
202 19335
4 24719
35 20457
94 24475
15 21947
17 18136
504 16019
83 23248
76 22401
27 16015
97 22443
168 21203
162 16614
120 16191
7 18790
23 10739
167 22309
21 17283
99 20800
15 21025
54 15291
123 20143
460 23730
36 12081
21 22316
24 20651
273 17879
10 22464
14 22563
48 18317
299 18760
105 21906
31 14116
103 22611
13 20056
97 23635
16 20945
11 19643
65 20035
1056 10307
20 19690
41 21871
11 23449
14 19969
5 23989
163 13249
41 16989
299 23597
453 24366
244 21786
21 24050
24 21016
261 22646
141 22092
106 24718
162 23749
37 18003
63 22946
332 20892
423 22159
465 19866
109 22989
11 20442
12 23208
48 17837
100 20988
120 17081
34 13916
353 19115
90 19358
165 21355
20 23779
183 18054
462 12707
323 23405
17 17895
29 18288
10 18842
16 21949
155 22825
18 17285
13 22652
26 23728
428 22793
16 20727
852 14616
18 18039
328 14130
7 23119
29 21544
44 13642
90 13932
344 12268
14 22594
104 21722
29 9931
6 23236
36 17004
267 19555
71 24231
359 18684
8 20931
13 15458
26 15678
33 18288
25 19299
21 21410
195 15270
22 22353
394 18605
77 21884
14 18711
41 24102
67 16078
18 22436
265 20930
146 2301
146 2301
10 20817
286 16438
359 15257
376 18865
352 20400
67 23411
4 23460
77 21820
223 22733
449 24803
372 21448
33 17015
77 25093
271 19272
8 20316
88 14743
129 21737
187 18011
136 16303
308 20698
24 13821
181 24126
586 25632
10 22563
18 22126
19 22625
280 19283
51 13725
13 22344
6 24220
153 21164
81 20673
9 18305
104 22579
18 17001
23 21152
90 18077
107 10776
75 20326
24 18639
145 20500
204 22788
756 17510
242 23949
657 20143
126 23191
16 17637
88 20660
64 17480
17 18148
58 22315
478 20659
177 22242
63 23785
430 21205
32 25079
68 21763
30 14351
14 22839
371 13682
29 17586
3 22676
20 22334
31 20753
58 10922
274 19451
65 21969
358 19904
112 20161
101 24417
197 20168
34 11668
11 21050
230 24596
340 18629
334 19507
583 18968
419 24274
63 15778
12 21044
65 16214
36 16152
23 11710
21 24530
983 19144
11 20854
305 16617
24 19119
21 23439
11 19250
202 20342
439 20422
16 21425
71 22208
18 12397
82 21442
310 18292
317 20253
216 18631
299 13870
276 17583
28 21606
465 20776
113 20046
80 16123
168 21266
104 20153
582 19040
234 19602
494 19465
94 22976
27 18750
19 20634
210 20450
476 17557
345 12704
111 20097
29 19895
9 24134
19 23192
29 16871
91 21663
407 21821
9 24568
20 20695
20 23063
8 23746
256 21725
81 18130
219 22329
643 21676
758 4285
430 22527
348 20403
283 20294
722 16943
19 20010
24 21908
216 21068
120 8818
64 20463
71 24861
341 22751
8 21735
139 21370
169 12421
21 20469
653 17908
96 18614
110 20008
17 16381
106 21912
6 24386
23 20497
60 24189
9 24228
187 17274
85 21888
292 24167
479 22062
129 20823
15 22121
115 20994
31 24398
14 20596
9 21883
10 21857
26 20393
122 13252
37 17324
125 22023
11 22913
147 22656
41 20801
97 16379
184 18911
19 12214
36 16812
482 18826
113 22841
9 21146
180 22444
67 20824
15 16837
116 15605
32 22723
353 18440
301 19610
44 16984
116 20822
12 21785
479 13654
23 16473
101 9982
9 22905
181 22926
5 20750
21 17395
81 21942
206 22741
55 21847
5 25165
96 25476
54 18169
54 11462
33 17516
9 23262
411 14228
346 21539
159 22241
52 22623
213 19941
467 22631
440 18913
161 15466
8 23694
328 23154
227 23576
60 25133
213 25707
78 25250
474 15632
10 19693
103 20676
405 22653
624 23266
16 23432
36 20021
24 21374
87 20072
440 18750
60 19748
13 23022
50 20511
30 17200
41 20149
222 18299
40 22872
99 9035
15 16658
14 20091
15 22142
98 17503
109 23879
512 24702
10 22870
23 13854
4 23604
13 21478
141 17903
402 24414
84 22837
3 23510
19 23425
25 13863
527 21374
905 19636
24 22242
503 20765
478 20632
100 24955
407 4995
38 16437
611 19543
443 22662
75 23397
167 17223
45 15284
52 24186
8 22350
30 19621
54 22421
34 11284
14 18692
92 14455
21 21520
39 20050
38 13323
437 21958
404 21499
11 20399
126 21649
28 19229
196 18501
17 16402
348 19039
79 20103
177 23266
268 18882
22 23056
14 20782
140 17465
938 20038
26 20609
1004 24213
68 24601
137 19036
15 20394
287 23354
27 19678
183 22930
57 23399
20 21092
26 13391
27 20579
21 10344
57 18161
20 24110
2 23823
11 23668
181 9975
29 17131
21 21122
68 20500
24 16960
40 19009
2 21660
12 21536
36 21285
129 20744
233 17749
72 14534
43 15198
15 22084
88 21223
161 22877
164 22563
11 22917
18 22501
15 18439
239 19994
15 21428
48 22340
547 22756
7 22046
85 16546
6 23951
20 18992
50 18323
93 15866
14 22428
15 19767
14 20731
36 20387
24 20944
32 10470
133 20583
91 21623
17 19459
13 20413
75 21251
64 15081
88 9928
88 21365
51 21470
4 23306
97 22372
78 19556
419 17960
29 23988
434 21839
15 22751
75 11668
575 21459
13 21346
79 23874
58 21691
81 21242
9 24029
596 15268
331 16818
97 22564
25 23213
78 16836
139 24822
225 18520
33 17893
50 18912
384 20328
29 24398
244 21806
26 19482
10 23508
310 22627
403 23179
107 17893
25 22234
79 18037
29 20427
65 21222
11 19097
307 22458
46 15907
91 15685
87 12859
38 23006
153 21573
12 23286
103 22635
47 17599
163 15491
464 19689
229 19961
25 20024
21 20945
24 12342
24 14577
11 22419
85 20622
10 21849
138 21853
15 20708
8 20535
86 22840
11 21100
107 23618
114 18673
6 21718
74 21165
75 21229
37 22828
512 19515
56 14706
25 23454
577 21980
13 21468
15 21801
79 20255
449 19812
155 19611
198 7811
255 22135
251 20260
42 22646
57 25161
26 13571
32 18425
71 16072
85 22482
243 18868
112 14938
37 23606
95 23152
233 22032
1033 22023
69 22351
15 17712
7 23611
29 20785
7 22500
15 20145
23 20140
19 19502
8 22327
125 19621
18 22127
274 17751
79 21925
290 21215
70 20350
44 13189
28 17415
6 21474
176 20630
93 24229
43 21893
106 21908
8 21746
353 23008
125 22459
202 23647
210 22257
61 7752
174 18285
59 17877
50 22027
61 24098
279 19011
59 20297
39 23269
14 19167
127 17497
58 20574
42 15606
16 22196
313 23513
24 18244
335 20939
14 20878
67 18822
172 20186
122 24263
19 20493
184 14948
50 20018
12 16744
48 22032
214 22880
11 22117
18 17181
228 16271
38 23055
37 20892
34 20008
160 17627
17 22069
198 18759
215 17182
129 20247
562 19806
64 21060
89 20697
95 16996
11 17487
