10 1500 12 
193 96 60 42 42 49 15 17 20 12 23110
179 125 113 94 42 20 13 20 7 10 23108
258 236 204 78 54 59 48 52 42 31 23158
288 11 8 13 7 7 6 12 7 9 21432
301 56 60 54 60 60 43 49 57 59 14771
40 6 5 0 1 3 6 6 2 6 24299
17 46 13 14 21 8 14 14 6 14 21284
214 25 20 19 32 8 31 17 11 21 16965
332 76 61 59 52 52 47 51 45 40 15797
365 84 92 60 63 39 43 55 42 51 14917
323 21 30 19 33 21 13 11 16 5 13626
506 65 57 52 39 63 44 54 38 58 15887
112 15 18 15 7 8 8 16 10 8 15639
228 29 17 11 8 10 5 8 11 5 20559
312 296 246 252 236 149 141 111 77 73 22565
190 160 142 105 122 77 70 95 53 50 20785
83 65 35 66 34 38 48 25 24 31 14721
3 6 8 7 4 3 6 8 3 1 24518
7 9 5 8 13 8 5 3 4 1 22838
16 17 13 9 5 4 10 6 6 6 22430
44 10 15 15 17 3 9 7 6 11 19592
89 77 98 73 54 74 45 89 46 76 11665
29 39 4 5 5 11 7 13 1 4 22274
9 4 4 5 8 20 2 2 4 4 23908
245 77 27 15 13 26 21 19 21 8 21458
439 54 35 29 43 51 24 29 20 45 14847
21 62 41 33 32 41 34 28 37 52 17282
10 8 13 17 13 14 4 8 13 8 22787
3 7 9 4 2 7 3 2 7 2 24540
174 78 78 60 48 52 43 16 15 25 24478
125 128 111 86 37 38 37 41 37 50 23066
29 18 10 7 22 20 15 21 6 12 22255
343 58 33 6 15 13 38 13 6 7 21994
41 26 10 8 6 5 3 11 19 23 22747
124 69 63 25 17 52 15 23 21 17 19023
17 15 10 17 22 9 15 17 10 8 22690
12 4 7 8 7 8 6 1 3 1 23450
54 41 47 44 20 26 23 27 26 18 9657
6 4 10 8 3 9 5 3 8 1 23235
337 24 19 22 24 23 12 10 31 38 19278
136 107 77 27 18 21 32 17 27 10 18858
131 102 104 86 30 12 12 20 9 13 18495
362 28 25 26 37 28 11 32 11 24 19036
100 17 13 10 12 5 7 17 10 6 22462
17 18 11 16 12 16 9 19 9 14 13047
128 28 22 15 17 15 13 9 15 15 18588
54 20 16 18 17 13 16 13 5 18 22359
263 15 63 5 6 11 5 13 16 13 18872
157 66 32 33 16 25 18 21 17 13 17588
210 6 6 7 3 7 5 0 10 11 23277
334 7 8 7 6 10 11 5 18 17 22112
5 13 8 17 12 12 2 9 13 5 21171
33 23 28 27 34 14 16 14 16 16 18972
16 13 11 23 24 4 9 13 8 6 19468
182 153 134 137 92 93 91 20 20 28 20668
234 68 98 56 27 20 26 5 17 6 23577
18 11 12 17 9 27 12 14 9 5 17037
44 11 16 8 15 13 9 11 2 9 21388
227 12 18 15 19 18 13 26 20 13 18798
74 13 1 6 3 4 11 8 4 1 24145
14 6 12 10 3 11 1 7 1 4 22718
15 12 9 5 3 11 7 9 8 4 20823
75 68 13 17 22 10 32 9 17 11 19289
156 69 7 7 9 3 22 11 3 3 21981
141 97 53 125 67 27 12 20 18 8 17395
861 34 55 19 21 23 22 17 14 10 19662
34 16 12 18 19 22 19 18 31 29 14915
109 14 10 19 10 16 8 7 6 14 20671
102 33 6 9 6 9 4 5 2 6 24579
33 12 29 20 14 17 9 8 15 11 20211
48 19 19 17 9 13 8 20 17 11 13344
333 307 77 24 12 16 15 20 16 13 19676
302 18 19 26 18 17 17 12 18 8 16800
0 3 7 9 7 7 7 5 7 5 25266
64 89 73 16 11 7 5 16 6 5 22278
43 34 32 35 24 19 20 14 13 16 19104
297 314 59 37 15 17 20 17 16 8 20633
164 63 82 61 62 53 41 54 38 34 15881
21 15 18 9 8 4 5 11 8 7 23585
5 8 4 4 9 9 7 3 5 5 24036
8 11 5 4 5 5 6 3 6 1 22847
26 16 12 5 5 6 14 8 3 8 21308
33 36 14 8 14 6 18 16 11 15 19743
27 55 21 20 33 17 16 36 32 19 17057
16 12 10 9 7 6 9 7 3 4 23325
18 25 9 21 10 6 8 13 5 10 23091
162 14 19 13 10 11 10 9 12 7 20171
172 28 29 34 19 19 9 23 16 11 17185
28 4 8 28 5 4 3 4 2 6 24358
27 27 38 29 21 21 15 15 13 18 17241
19 30 13 18 18 5 17 12 24 20 20180
73 19 14 3 9 4 10 11 5 1 23761
233 181 53 15 42 10 23 9 13 13 22924
189 277 76 15 9 3 5 5 14 8 23088
37 42 43 27 29 16 16 11 30 26 16330
219 55 14 6 11 14 20 14 3 4 21227
28 17 9 6 11 6 17 11 7 6 21736
87 17 10 14 6 16 14 9 10 5 19784
109 18 17 10 17 11 11 5 10 3 20942
151 16 18 11 18 13 20 11 16 14 18510
23 19 21 13 11 10 12 6 6 3 21879
14 19 8 16 16 13 18 6 9 20 17118
67 16 12 11 14 15 12 11 12 6 20794
72 56 37 33 18 12 12 8 20 9 21265
43 30 37 23 27 24 13 10 10 9 21084
148 144 143 85 98 122 96 63 83 76 20958
196 167 175 118 100 94 43 44 36 72 23439
197 115 174 135 109 7 10 5 8 7 20817
19 13 11 14 5 15 3 6 12 8 23839
8 8 9 3 11 12 2 4 3 5 22168
45 14 9 16 7 5 14 15 13 15 20382
347 15 24 4 6 3 11 9 7 13 20039
19 15 16 13 6 18 12 8 15 8 22759
662 30 15 14 22 25 21 27 20 22 21372
135 10 5 8 4 3 2 5 0 4 24854
503 34 24 22 31 12 18 9 16 29 20468
445 18 23 19 14 14 17 18 15 12 22001
84 10 13 5 5 3 4 9 8 2 24545
109 77 44 95 45 31 56 70 42 48 9796
28 16 11 16 23 12 21 9 5 12 18667
30 36 16 23 8 11 11 21 38 1 18974
14 17 13 16 16 15 20 10 13 8 21257
28 11 12 7 4 21 5 3 5 8 22015
51 20 10 8 11 9 8 3 6 6 22026
80 15 18 25 22 16 15 13 22 7 19819
40 4 2 3 7 5 6 5 3 3 23194
90 12 1 7 2 6 6 3 6 1 22856
244 52 10 43 11 14 10 8 3 11 20725
38 26 23 18 19 25 16 13 12 20 17011
282 18 15 19 3 5 6 8 16 13 20709
195 101 44 52 46 37 30 24 35 15 12194
122 71 62 31 32 36 36 34 32 26 12628
34 46 16 7 6 7 9 8 18 15 19762
57 6 1 5 6 3 2 2 10 9 24473
40 15 27 13 12 7 12 8 4 8 15960
10 12 17 16 6 8 9 5 10 8 22233
194 217 99 83 107 29 52 54 13 20 18082
20 6 5 12 6 5 15 5 10 7 23859
17 19 14 5 18 27 18 13 20 33 20353
8 8 3 7 8 18 2 6 9 3 22843
510 244 15 23 9 15 5 9 15 14 22722
35 42 14 22 5 16 17 5 8 6 19678
21 16 25 11 18 5 15 15 16 8 12949
83 18 6 9 7 10 3 10 10 7 18716
56 17 20 20 26 16 15 14 15 21 21473
22 18 23 17 17 16 18 22 20 27 11007
79 95 35 5 7 8 7 8 12 3 23708
29 33 26 12 16 18 10 12 12 12 20905
14 7 21 11 11 3 6 4 1 7 21612
41 17 13 6 10 4 5 6 5 3 21216
272 63 29 20 9 15 4 11 9 5 21088
63 50 36 47 37 41 38 37 47 35 12898
41 33 23 30 15 30 19 15 10 26 16235
9 12 4 5 6 6 11 5 7 8 23464
34 61 7 8 12 8 5 2 11 6 23389
206 44 38 2 4 9 2 8 5 5 23479
26 14 14 11 16 26 11 12 13 8 17435
845 15 17 14 20 14 15 18 14 10 21698
165 50 56 33 42 38 47 36 49 52 10564
30 23 21 13 23 23 10 29 19 19 15878
34 31 28 20 28 23 22 25 29 21 18665
68 7 2 12 83 3 7 4 2 3 24419
571 426 9 8 27 10 11 9 5 3 22363
8 9 12 5 11 13 8 15 3 5 20593
213 59 52 56 46 48 36 21 14 39 12411
17 18 12 13 10 9 5 5 4 3 21317
12 9 10 16 13 15 12 14 10 9 20942
12 5 6 4 5 5 5 1 4 1 22255
629 373 84 68 53 60 48 31 32 26 14932
12 57 34 13 20 9 17 28 19 16 18979
19 22 18 18 8 12 19 11 6 11 19604
50 54 20 21 19 7 4 8 4 4 23739
536 229 220 101 60 31 61 52 42 35 14851
12 46 9 6 14 9 11 4 3 8 23952
106 9 7 12 10 11 6 4 4 6 23652
60 54 36 7 7 9 3 4 12 5 22085
128 31 34 27 20 31 20 20 24 16 20511
20 11 8 18 21 15 6 9 12 7 22409
47 28 31 31 15 22 38 24 29 14 18840
128 27 11 11 8 10 29 3 5 9 22684
46 24 17 17 25 11 10 10 12 8 22646
447 43 14 36 21 25 17 7 13 7 18970
7 3 5 12 12 11 1 2 7 6 21808
116 80 161 84 105 53 60 58 111 51 14281
1215 119 22 21 26 16 16 13 17 13 21434
31 29 19 30 14 24 22 12 7 18 13614
28 22 28 33 15 27 13 9 16 12 15353
67 20 14 14 8 11 2 8 14 7 20956
122 110 105 115 76 52 51 22 28 47 19221
153 74 42 48 44 31 51 28 37 29 20533
49 17 9 4 6 7 3 6 5 4 24882
97 76 62 53 56 40 65 50 47 35 14874
27 21 29 35 26 31 22 25 15 29 16466
335 239 91 34 29 4 7 13 17 10 20584
414 16 9 16 15 12 12 15 10 7 23251
8 13 12 6 5 3 6 1 6 4 23876
478 4 6 32 7 4 6 1 5 7 24005
130 86 86 13 1 17 78 3 3 4 22479
194 116 67 71 44 25 8 14 11 8 22647
115 26 17 19 14 25 20 16 26 13 20182
68 67 87 16 10 15 24 9 10 36 19344
94 56 40 19 17 19 15 28 25 9 20416
352 46 21 25 16 27 8 17 11 19 21128
167 148 129 37 35 26 42 33 25 17 17955
295 187 134 120 145 64 75 10 82 87 22983
39 29 24 24 41 15 12 17 11 15 20213
278 27 18 14 17 18 12 14 11 12 14854
29 11 10 15 13 21 25 17 18 11 14989
33 22 22 14 11 12 5 8 9 14 21539
3 14 5 8 4 4 11 3 5 9 23128
23 20 12 12 7 11 7 16 18 7 16366
9 8 3 5 2 4 4 6 3 2 23363
305 9 17 10 10 7 8 12 4 12 21168
63 60 51 71 50 43 40 48 30 55 15494
279 119 23 10 11 12 9 16 8 4 20000
505 314 138 60 87 91 20 12 55 12 22254
485 135 84 88 42 41 31 56 19 19 12954
61 9 16 11 16 17 9 7 9 36 19463
302 166 100 90 105 52 14 10 10 11 20918
84 42 14 26 32 6 7 9 12 15 21668
25 29 21 67 9 14 9 6 7 9 22189
403 20 9 41 11 3 11 5 2 36 23156
82 49 12 6 4 6 5 3 12 1 24334
102 105 79 97 56 62 86 58 47 47 7848
133 73 63 68 93 55 48 65 59 39 12894
19 19 15 15 10 7 11 12 12 12 18809
17 6 6 5 14 8 5 6 8 8 17375
254 74 71 43 21 23 26 15 16 14 20761
236 171 68 60 68 65 34 78 92 21 20439
7 9 18 6 5 11 10 16 10 12 21460
13 7 18 8 15 12 4 13 6 14 21513
13 18 14 10 16 17 24 22 11 15 13115
43 32 16 15 30 41 29 23 2 13 13892
6 13 13 6 4 8 7 3 10 10 23199
15 17 3 11 14 10 18 12 10 10 20935
32 20 26 26 23 16 23 24 13 21 12357
22 35 26 17 19 25 20 25 13 18 11622
57 50 34 17 13 7 8 5 4 8 23617
67 27 11 10 5 7 13 14 16 17 20539
12 10 23 12 9 7 17 10 5 4 21309
280 15 18 18 19 14 7 4 8 3 20631
62 17 19 15 19 6 9 10 4 10 18797
14 10 18 12 28 14 20 21 13 10 21173
68 59 65 15 23 26 5 24 18 14 15442
16 5 8 12 7 12 4 4 10 9 21930
472 123 89 73 31 31 31 10 21 7 16978
22 19 23 20 17 17 18 17 11 14 16151
11 6 10 10 6 5 9 4 5 6 23603
34 56 28 41 10 30 19 24 29 21 18553
9 22 7 4 10 11 10 8 3 3 23971
12 6 6 5 4 4 15 5 8 4 22915
263 43 54 52 51 26 21 31 45 23 17551
447 11 17 11 6 15 5 12 3 18 20569
26 17 23 16 15 17 18 12 19 19 15444
51 22 20 12 16 18 7 10 12 9 19128
53 7 2 7 8 7 7 5 1 4 20915
77 15 15 13 4 8 6 14 8 2 21697
220 298 185 7 14 15 2 4 4 7 23319
86 50 17 39 10 21 4 6 10 7 20256
489 326 334 335 73 31 27 43 28 41 15034
19 8 11 13 11 14 18 13 5 11 17353
30 32 22 17 20 19 11 27 12 22 17254
63 80 7 5 4 6 7 3 11 5 23175
53 6 5 7 6 6 3 5 5 5 19064
146 98 71 86 112 90 78 79 74 71 7789
153 15 5 10 9 8 14 5 8 8 20340
59 49 14 10 24 9 12 12 14 13 19148
7 7 9 4 7 5 6 12 7 3 24295
123 15 18 9 15 8 10 9 13 7 19935
75 21 21 16 31 24 17 28 22 16 12097
95 43 47 36 91 34 42 29 27 30 17296
7 5 6 11 13 7 8 6 5 6 22615
135 152 5 5 13 10 7 2 14 7 22547
378 403 431 193 146 90 100 22 27 38 16520
91 12 13 14 9 9 10 12 5 9 22445
23 34 2 8 18 26 4 9 14 7 21589
131 1 6 17 4 7 4 10 7 4 20741
262 15 7 4 7 5 16 8 2 5 19946
59 38 19 6 9 5 10 9 4 4 22360
7 13 12 14 8 10 14 9 5 10 19862
284 19 15 6 7 19 10 10 9 9 18520
302 191 213 271 126 121 34 112 4 3 23077
57 49 34 30 29 35 40 34 49 40 9632
85 94 41 14 20 47 36 21 25 9 20927
32 38 32 24 9 67 8 22 20 8 16709
90 80 61 36 21 24 17 38 20 11 17971
17 12 15 21 17 16 5 14 14 14 17475
38 37 13 24 7 16 5 6 14 3 23713
39 39 17 9 14 7 19 18 11 18 18491
17 17 15 11 14 10 13 11 16 8 15566
66 34 24 51 44 27 21 11 5 17 19269
48 31 27 43 17 19 47 26 23 23 9640
96 22 23 12 12 16 11 7 14 11 19526
59 39 37 58 26 14 14 33 19 11 22638
337 117 77 53 59 18 16 23 12 17 21936
72 51 45 34 31 26 14 12 23 25 14253
432 164 52 48 34 38 26 22 36 25 19352
33 21 23 18 12 33 13 32 24 17 10048
539 363 201 172 113 58 73 52 33 40 17165
154 17 27 12 8 24 13 8 13 9 18921
109 77 41 27 6 6 8 3 4 1 24468
564 309 51 47 17 13 15 15 19 26 18938
119 36 60 18 25 17 19 26 5 7 15835
8 10 9 10 10 8 9 5 2 3 23389
7 11 10 20 9 8 11 9 9 10 18486
34 11 6 10 11 16 4 6 6 13 19893
27 10 10 23 22 5 3 8 13 8 22752
16 14 7 11 8 12 17 8 13 8 18681
10 16 4 12 10 13 9 7 5 3 22497
98 31 56 18 12 12 18 7 5 4 20420
84 61 39 21 32 49 12 17 16 20 14382
29 13 8 15 9 19 4 11 7 8 20988
23 15 11 9 11 16 5 15 11 9 19342
19 19 19 27 23 9 29 17 22 24 15425
311 12 8 7 4 5 12 3 12 9 21863
17 7 8 3 8 10 8 2 3 4 21178
29 10 3 16 4 10 8 27 7 5 20453
351 20 49 17 26 25 22 20 13 18 19028
22 9 7 3 19 14 7 13 14 11 16331
43 47 29 20 27 3 7 6 3 1 24686
15 15 45 14 14 9 6 6 22 9 21210
75 123 31 9 14 5 7 10 4 9 20989
203 171 161 115 65 43 31 30 26 25 23058
159 98 53 87 44 37 20 42 10 2 23367
1082 73 10 9 4 12 4 12 3 4 22087
1140 87 16 18 13 33 25 14 20 17 19235
14 6 8 4 4 7 14 3 9 6 24359
2 7 10 4 18 4 3 3 3 3 22844
84 77 50 74 43 48 39 40 50 31 8326
126 78 69 87 108 50 48 94 46 79 7892
16 22 11 7 6 12 11 10 8 10 22129
312 29 28 35 18 33 27 39 28 30 18748
13 10 8 8 3 5 15 9 4 9 21310
58 101 71 76 45 70 65 55 51 60 7846
9 8 7 10 4 3 10 4 6 7 23233
14 10 9 7 14 5 9 5 12 4 20877
328 12 10 5 6 6 15 9 5 6 21433
12 13 14 12 21 11 9 8 10 6 21038
17 9 11 19 13 12 11 12 7 10 20775
127 22 16 11 11 14 4 20 7 11 20410
207 23 12 8 11 9 12 15 5 13 20740
146 21 28 13 15 10 5 16 9 15 14627
15 12 54 11 15 3 2 10 28 6 17929
664 143 241 13 14 11 11 12 7 8 20833
10 21 11 13 15 18 12 10 11 14 17244
57 68 56 42 63 18 44 38 12 23 20356
315 103 15 7 10 5 4 0 6 5 22889
67 24 33 37 13 8 6 10 10 6 21737
109 107 55 48 48 61 21 65 26 45 18960
333 26 19 20 25 39 17 19 17 39 20055
55 45 42 52 53 33 40 17 38 33 18077
19 16 23 9 5 17 17 8 9 15 19233
75 6 5 5 9 6 3 2 3 2 24498
80 31 34 26 20 28 19 11 6 10 23530
41 89 30 22 19 48 40 5 19 10 22776
86 90 62 70 48 41 50 51 43 55 13399
136 110 42 48 12 20 34 14 10 37 22648
174 124 78 14 9 6 4 2 8 9 18144
252 8 10 4 18 10 17 15 3 20 18842
25 10 13 8 9 14 9 8 17 7 21398
813 243 247 143 94 64 45 44 41 52 15152
10 7 10 13 6 8 3 11 6 13 22659
30 13 20 12 11 24 13 8 12 10 19938
546 88 88 97 91 55 50 32 21 26 18367
43 21 26 19 24 81 24 21 27 14 22039
94 58 24 11 10 6 7 14 2 8 22801
70 59 60 15 23 6 14 11 8 13 23270
695 203 72 61 88 36 314 21 35 54 16486
202 73 30 18 17 17 18 23 18 18 19335
4 9 3 1 2 6 1 4 4 3 24719
35 5 9 11 19 5 9 9 3 9 20457
94 16 5 16 4 5 7 7 4 6 24475
15 14 11 8 6 3 13 8 5 6 21947
17 20 51 16 23 20 11 15 17 8 18136
504 63 21 17 21 18 21 23 18 11 16019
83 119 110 87 10 17 9 11 10 5 23248
76 70 9 17 7 6 16 11 8 12 22401
27 25 21 3 19 9 7 5 16 5 16015
97 76 106 35 15 8 16 26 2 12 22443
168 103 51 47 8 15 4 10 6 8 21203
162 115 18 26 10 13 13 7 14 26 16614
120 91 12 24 21 8 8 11 8 14 16191
7 20 12 11 13 11 16 8 10 11 18790
23 20 22 18 23 17 20 31 27 22 10739
167 41 9 8 6 8 12 5 7 4 22309
21 12 26 36 35 36 30 11 14 23 17283
99 11 12 10 10 11 8 13 12 13 20800
15 8 58 8 12 5 6 15 9 15 21025
54 34 27 14 25 14 10 18 8 17 15291
123 99 173 9 19 4 10 7 9 7 20143
460 56 6 2 2 2 6 5 10 1 23730
36 28 30 40 19 12 33 38 26 13 12081
21 18 7 10 14 15 12 6 15 11 22316
24 39 10 14 17 21 14 9 9 11 20651
273 233 61 30 26 31 24 16 12 24 17879
10 3 4 6 1 11 5 6 6 4 22464
14 13 7 7 4 6 7 12 5 8 22563
48 52 50 34 51 27 44 23 50 18 18317
299 228 207 189 17 26 23 15 28 33 18760
105 61 12 17 10 9 6 15 9 18 21906
31 35 36 20 35 29 37 18 24 14 14116
103 62 49 22 36 6 7 26 6 16 22611
13 12 10 14 15 13 8 6 13 6 20056
97 35 1 3 5 5 5 3 5 3 23635
16 19 11 11 10 14 12 9 12 10 20945
11 9 14 7 10 14 18 6 19 11 19643
65 8 12 10 8 9 8 8 5 3 20035
1056 38 37 36 26 24 43 24 35 31 10307
20 27 18 12 7 22 5 9 5 14 19690
41 20 12 21 9 11 8 11 23 4 21871
11 13 60 7 10 4 13 2 4 5 23449
14 9 4 12 15 7 42 8 12 8 19969
5 8 8 5 8 7 9 2 2 13 23989
163 38 60 29 39 43 64 20 24 32 13249
41 38 20 29 42 30 20 23 24 28 16989
299 11 10 4 7 2 6 3 5 4 23597
453 6 8 17 2 9 4 5 2 2 24366
244 195 199 247 27 38 30 29 32 17 21786
21 8 11 6 5 10 6 7 7 12 24050
24 5 11 5 6 10 10 3 3 43 21016
261 57 12 38 38 28 8 11 6 8 22646
141 88 17 16 9 6 27 5 9 5 22092
106 66 12 10 4 0 3 6 4 2 24718
162 38 6 11 11 7 4 6 6 4 23749
37 71 7 7 19 17 12 11 14 24 18003
63 15 12 13 17 14 16 4 10 4 22946
332 109 17 20 31 27 18 19 10 10 20892
423 140 114 121 18 13 23 25 7 21 22159
465 34 22 25 28 10 11 27 5 13 19866
109 13 11 12 13 23 3 8 24 3 22989
11 35 5 11 11 13 5 11 5 12 20442
12 6 10 10 3 7 7 4 3 14 23208
48 36 20 24 37 14 15 19 19 31 17837
100 33 13 10 8 10 4 14 7 9 20988
120 51 18 5 14 11 16 12 19 13 17081
34 17 14 32 18 20 32 10 20 37 13916
353 10 15 8 8 19 6 7 13 9 19115
90 87 25 10 27 14 14 18 18 13 19358
165 10 14 8 11 9 10 6 5 6 21355
20 3 6 4 10 4 6 6 0 7 23779
183 20 14 12 20 25 19 33 9 17 18054
462 458 59 31 47 23 41 45 40 21 12707
323 92 104 54 32 30 27 24 21 14 23405
17 12 10 11 5 15 8 6 4 8 17895
29 16 18 18 11 7 11 7 8 12 18288
10 28 5 11 7 16 17 6 7 5 18842
16 10 12 13 20 17 8 18 8 14 21949
155 123 11 17 12 13 13 16 17 14 22825
18 45 18 35 15 16 14 21 22 12 17285
13 6 11 11 6 13 13 7 6 7 22652
26 14 17 6 15 4 2 7 3 8 23728
428 303 306 481 57 17 20 23 15 16 22793
16 11 15 15 11 15 15 10 13 6 20727
852 110 59 30 27 31 33 61 25 50 14616
18 35 13 13 23 77 13 9 16 10 18039
328 106 85 72 66 73 78 71 69 49 14130
7 8 8 10 4 3 7 1 8 4 23119
29 10 7 12 12 10 9 17 12 14 21544
44 84 39 51 26 23 34 26 20 38 13642
90 99 67 74 62 79 88 52 64 64 13932
344 29 24 32 15 14 16 21 30 50 12268
14 2 7 3 2 2 2 7 5 3 22594
104 13 6 10 10 14 9 8 15 7 21722
29 37 35 35 24 20 26 15 27 14 9931
6 12 8 8 4 3 3 1 5 8 23236
36 83 28 33 12 34 17 30 44 15 17004
267 34 25 32 34 46 12 18 37 22 19555
71 7 10 9 4 6 8 8 10 1 24231
359 20 23 27 24 18 16 10 25 17 18684
8 18 8 15 37 13 10 9 7 9 20931
13 11 8 4 14 43 9 10 12 12 15458
26 14 30 15 28 30 24 24 9 16 15678
33 31 14 38 13 12 16 10 16 13 18288
25 15 18 14 13 11 19 8 19 14 19299
21 9 5 13 10 8 13 15 5 22 21410
195 19 25 24 30 15 36 25 11 17 15270
22 14 12 7 10 6 13 9 1 3 22353
394 248 41 27 58 23 23 37 39 26 18605
77 15 26 9 13 6 12 10 6 1 21884
14 12 13 9 17 7 8 15 9 12 18711
41 6 6 5 15 16 2 5 7 8 24102
67 21 16 13 17 22 14 11 15 9 16078
18 16 5 13 4 12 5 3 0 2 22436
265 183 115 98 75 28 83 44 61 7 20930
146 158 151 157 136 144 135 134 129 153 2301
146 158 151 157 136 144 135 134 129 153 2301
10 34 18 28 35 8 10 21 15 6 20817
286 51 48 38 41 48 39 36 49 24 16438
359 218 142 62 10 22 14 29 14 27 15257
376 75 13 20 10 8 12 14 14 9 18865
352 306 51 22 26 18 27 14 9 10 20400
67 37 5 5 5 8 7 2 8 13 23411
4 3 2 10 3 2 6 1 5 6 23460
77 10 7 10 14 12 19 18 6 2 21820
223 68 66 58 46 20 34 11 8 7 22733
449 7 10 7 2 6 1 4 6 6 24803
372 13 7 7 7 5 5 7 5 8 21448
33 45 19 26 32 29 20 21 23 36 17015
77 12 15 3 11 11 5 9 5 6 25093
271 28 29 22 15 18 17 28 15 22 19272
8 5 20 6 9 5 14 18 11 2 20316
88 28 19 28 23 13 6 5 20 13 14743
129 61 4 8 12 47 10 8 6 6 21737
187 131 93 57 58 10 19 21 25 20 18011
136 85 69 54 22 45 31 14 18 7 16303
308 35 25 46 26 19 20 20 29 15 20698
24 52 12 10 14 13 23 17 16 18 13821
181 34 51 11 14 14 15 11 7 3 24126
586 88 45 42 8 3 2 3 2 4 25632
10 3 6 9 15 11 6 6 8 2 22563
18 13 13 9 3 8 2 13 8 7 22126
19 15 4 12 11 13 10 7 15 9 22625
280 135 122 24 20 7 10 9 14 2 19283
51 111 48 31 30 23 45 33 48 16 13725
13 11 5 4 5 26 0 8 13 8 22344
6 2 9 7 5 4 3 2 1 7 24220
153 28 32 26 18 20 30 25 10 13 21164
81 15 13 5 5 9 5 6 10 6 20673
9 11 7 7 8 11 11 4 13 6 18305
104 19 8 7 9 5 5 12 8 9 22579
18 11 21 24 26 35 11 9 23 11 17001
23 29 27 25 15 19 11 11 30 7 21152
90 22 41 26 28 21 25 5 8 12 18077
107 63 31 66 50 34 17 29 35 23 10776
75 29 10 41 18 9 14 11 13 10 20326
24 11 14 7 21 10 19 13 31 7 18639
145 142 21 19 18 36 15 30 14 14 20500
204 14 6 7 6 5 15 6 8 3 22788
756 42 18 39 24 27 21 16 26 12 17510
242 28 7 4 3 4 3 9 7 4 23949
657 120 29 21 19 6 7 11 11 33 20143
126 8 13 5 7 4 7 13 2 2 23191
16 18 0 8 4 6 15 7 6 7 17637
88 91 11 6 5 10 8 7 7 9 20660
64 31 39 30 33 25 42 36 37 23 17480
17 14 14 16 8 13 10 30 9 8 18148
58 6 8 16 15 7 13 5 7 4 22315
478 251 106 127 108 66 75 41 13 8 20659
177 137 128 100 4 5 6 13 5 7 22242
63 12 15 7 10 13 7 9 10 7 23785
430 338 221 219 81 78 93 30 17 19 21205
32 1 3 3 12 8 2 3 3 4 25079
68 9 3 6 17 13 4 8 6 4 21763
30 30 28 23 33 47 28 33 18 21 14351
14 7 9 8 5 8 12 11 13 5 22839
371 37 43 70 29 41 20 28 38 18 13682
29 29 18 9 19 25 13 13 17 12 17586
3 8 7 4 4 6 8 2 9 9 22676
20 11 11 9 8 10 8 11 5 3 22334
31 17 17 28 20 20 15 15 11 8 20753
58 75 66 52 49 41 68 49 44 42 10922
274 146 174 90 78 18 15 4 7 11 19451
65 12 17 7 7 14 5 11 17 9 21969
358 105 70 53 16 18 11 14 13 5 19904
112 96 167 82 35 70 56 18 17 231 20161
101 9 15 9 3 5 10 14 3 13 24417
197 182 65 40 51 9 26 30 13 18 20168
34 40 27 20 33 27 34 19 21 18 11668
11 8 13 17 6 25 4 20 6 10 21050
230 45 20 9 8 11 6 10 9 8 24596
340 272 349 208 167 156 122 103 147 103 18629
334 335 196 270 223 114 216 101 47 32 19507
583 499 373 367 234 192 142 199 38 28 18968
419 172 133 22 17 14 19 24 8 9 24274
63 57 38 35 26 26 23 11 23 16 15778
12 11 65 16 18 11 16 5 9 5 21044
65 27 26 45 30 31 19 64 32 37 16214
36 25 32 22 34 14 24 21 31 18 16152
23 19 20 13 17 20 20 17 28 25 11710
21 3 3 4 5 6 10 2 10 2 24530
983 19 21 18 18 21 12 21 13 11 19144
11 34 12 11 10 4 9 17 8 7 20854
305 16 14 26 20 16 9 10 13 16 16617
24 23 20 23 13 14 15 28 11 11 19119
21 12 5 12 13 3 9 2 10 12 23439
11 22 3 11 8 9 7 7 11 4 19250
202 73 19 15 16 17 10 9 13 17 20342
439 328 169 77 6 9 11 7 18 5 20422
16 16 31 17 14 10 7 6 7 4 21425
71 15 24 33 15 17 10 12 7 12 22208
18 26 35 26 23 15 10 24 6 14 12397
82 23 28 12 23 2 7 16 7 8 21442
310 5 8 13 3 17 5 9 13 21 18292
317 20 13 21 9 11 35 8 22 15 20253
216 160 79 22 28 19 21 7 20 9 18631
299 120 65 76 76 92 41 52 41 78 13870
276 155 98 16 6 8 7 74 10 7 17583
28 10 3 8 7 7 8 5 6 7 21606
465 47 24 19 21 10 6 15 22 7 20776
113 128 60 17 53 24 24 8 21 7 20046
80 55 52 15 17 17 15 13 16 8 16123
168 155 112 96 67 47 49 65 54 55 21266
104 41 35 27 24 22 30 25 15 18 20153
582 282 197 191 80 57 89 93 99 75 19040
234 150 23 80 16 20 13 12 11 4 19602
494 84 83 54 22 24 22 21 16 20 19465
94 139 7 6 19 4 8 9 3 6 22976
27 3 9 6 12 6 5 10 3 1 18750
19 10 14 10 9 9 9 7 14 10 20634
210 11 14 7 13 7 3 8 5 8 20450
476 109 124 60 77 54 32 21 25 35 17557
345 334 237 48 38 28 35 38 29 35 12704
111 10 11 18 16 10 11 7 11 16 20097
29 11 13 16 18 14 7 9 8 14 19895
9 6 7 2 4 10 6 11 5 4 24134
19 13 4 13 8 6 11 7 9 5 23192
29 20 11 25 17 21 15 25 19 15 16871
91 12 9 17 11 5 2 4 9 9 21663
407 9 5 14 9 9 4 6 15 8 21821
9 10 5 3 2 4 7 9 5 0 24568
20 21 39 17 26 15 18 14 15 23 20695
20 17 18 11 35 20 5 17 7 14 23063
8 5 4 5 5 8 5 4 4 3 23746
256 10 3 12 5 5 7 8 7 5 21725
81 27 18 28 24 14 12 14 13 13 18130
219 9 18 15 6 8 7 9 4 11 22329
643 51 18 20 16 11 14 21 18 20 21676
758 168 148 144 164 159 199 112 141 114 4285
430 82 31 40 49 28 29 21 5 5 22527
348 341 73 25 37 8 14 15 11 14 20403
283 203 129 32 30 19 23 17 9 18 20294
722 122 200 77 128 38 22 27 33 34 16943
19 11 10 12 17 15 12 7 9 12 20010
24 19 53 13 7 13 14 6 8 8 21908
216 42 59 43 58 40 13 27 35 16 21068
120 74 64 58 59 78 37 33 49 76 8818
64 12 8 9 11 5 26 3 6 10 20463
71 70 41 39 15 12 11 6 13 14 24861
341 44 18 35 8 15 12 13 5 10 22751
8 11 7 8 3 6 1 0 8 4 21735
139 37 11 8 18 5 12 2 4 6 21370
169 49 31 48 22 39 22 43 28 36 12421
21 20 18 18 19 11 13 7 16 5 20469
653 36 20 23 27 17 21 13 6 7 17908
96 9 3 23 8 9 6 8 2 6 18614
110 63 44 17 20 15 7 6 6 3 20008
17 11 18 23 13 10 23 20 12 16 16381
106 2 14 8 4 3 7 4 3 7 21912
6 10 19 2 16 4 2 7 7 5 24386
23 35 18 13 7 8 8 12 10 22 20497
60 33 32 22 19 11 19 8 14 18 24189
9 3 2 6 4 9 4 2 1 4 24228
187 120 90 32 83 14 64 30 13 11 17274
85 57 71 44 34 29 23 20 14 9 21888
292 191 13 13 10 9 8 4 6 4 24167
479 58 72 33 25 12 30 12 24 17 22062
129 101 103 85 48 15 21 19 15 22 20823
15 18 14 11 10 5 6 8 4 9 22121
115 12 15 22 12 17 7 7 10 11 20994
31 6 7 3 6 4 9 4 3 5 24398
14 12 18 14 8 8 4 7 10 16 20596
9 12 7 6 8 4 2 6 6 6 21883
10 11 9 5 7 15 2 6 11 6 21857
26 13 15 12 12 10 9 5 6 8 20393
122 42 34 31 43 42 24 27 22 37 13252
37 21 21 35 14 19 17 14 25 16 17324
125 85 49 9 9 6 7 4 5 6 22023
11 6 6 4 4 11 4 3 12 11 22913
147 70 31 24 31 29 8 11 28 38 22656
41 12 4 12 6 6 15 8 15 9 20801
97 15 22 6 8 16 16 16 6 7 16379
184 36 23 23 11 22 5 10 7 6 18911
19 19 16 22 22 18 21 13 30 18 12214
36 35 40 38 23 8 24 21 3 7 16812
482 291 51 7 12 50 7 4 8 6 18826
113 108 91 103 43 49 48 10 9 8 22841
9 5 9 11 10 21 16 17 4 12 21146
180 39 10 8 4 6 4 6 10 4 22444
67 87 36 46 16 11 7 10 11 11 20824
15 11 10 8 11 6 16 16 6 9 16837
116 66 129 123 61 33 55 48 30 38 15605
32 11 10 9 6 8 14 2 13 4 22723
353 229 91 51 33 22 34 33 21 24 18440
301 140 132 62 29 40 29 25 30 25 19610
44 32 17 21 36 39 20 19 10 11 16984
116 12 17 13 13 8 13 7 4 13 20822
12 15 8 9 9 16 5 10 6 8 21785
479 58 29 89 46 47 22 25 22 18 13654
23 31 12 17 13 14 9 16 20 14 16473
101 115 113 68 74 142 77 60 71 65 9982
9 8 8 9 9 4 6 2 13 2 22905
181 14 16 4 7 4 14 6 8 2 22926
5 13 8 10 17 17 5 7 8 3 20750
21 38 18 25 21 84 10 12 18 19 17395
81 13 7 18 5 11 15 7 8 7 21942
206 22 17 15 6 15 8 14 9 8 22741
55 5 17 11 10 11 4 7 6 2 21847
5 5 1 1 7 4 6 2 1 5 25165
96 108 40 13 9 6 20 11 13 8 25476
54 25 31 13 19 14 15 20 27 32 18169
54 64 46 32 44 36 30 44 32 36 11462
33 32 21 29 27 36 25 25 25 18 17516
9 21 5 28 11 15 14 6 11 5 23262
411 97 50 65 29 27 24 19 17 17 14228
346 23 17 13 14 8 6 8 11 14 21539
159 142 100 87 85 85 62 91 67 69 22241
52 24 20 18 19 61 14 5 17 9 22623
213 109 112 54 30 43 26 27 105 15 19941
467 188 167 127 66 19 23 38 35 12 22631
440 142 99 52 66 39 33 42 15 35 18913
161 51 13 20 14 27 15 10 7 21 15466
8 5 0 5 7 4 11 2 5 6 23694
328 259 171 239 291 131 70 70 182 73 23154
227 138 100 74 13 6 6 2 15 4 23576
60 3 4 3 4 6 3 7 9 6 25133
213 167 97 83 8 4 7 6 4 5 25707
78 58 53 6 9 4 2 8 4 9 25250
474 163 175 40 35 24 18 8 17 5 15632
10 11 4 10 4 6 11 11 17 11 19693
103 3 12 8 12 7 9 10 6 7 20676
405 99 75 62 36 20 17 7 15 9 22653
624 118 52 41 15 8 13 20 7 19 23266
16 8 11 7 14 8 16 8 8 9 23432
36 10 2 8 4 4 7 9 4 6 20021
24 23 15 8 11 9 15 5 15 16 21374
87 90 24 22 19 9 30 13 14 13 20072
440 392 356 290 177 168 195 225 84 61 18750
60 93 44 24 28 28 21 10 20 18 19748
13 7 9 8 3 8 2 9 8 2 23022
50 36 12 14 6 9 10 7 6 8 20511
30 32 17 31 12 25 18 24 17 16 17200
41 26 18 21 22 16 27 20 15 15 20149
222 55 13 28 19 25 16 17 12 10 18299
40 15 4 13 7 13 13 9 8 2 22872
99 44 41 30 29 30 32 71 24 16 9035
15 23 15 12 11 12 14 3 11 9 16658
14 6 12 13 15 6 11 11 4 16 20091
15 15 7 19 12 5 19 8 5 7 22142
98 48 29 42 22 36 29 14 14 15 17503
109 97 28 18 33 11 18 16 16 13 23879
512 115 106 17 8 12 14 15 18 16 24702
10 24 9 10 9 19 36 12 13 8 22870
23 15 23 13 23 16 12 31 10 5 13854
4 4 4 8 2 5 5 8 5 2 23604
13 53 13 10 10 4 5 13 10 29 21478
141 92 40 31 29 40 24 31 29 24 17903
402 13 10 11 13 10 35 6 16 7 24414
84 29 27 30 12 11 14 13 8 9 22837
3 5 5 8 5 1 4 3 7 7 23510
19 25 18 29 19 26 19 12 19 21 23425
25 28 20 9 13 21 17 16 29 8 13863
527 153 127 73 66 79 30 19 8 13 21374
905 230 194 99 81 32 13 15 17 11 19636
24 16 6 13 10 12 12 14 8 3 22242
503 426 20 9 13 3 8 13 7 8 20765
478 9 14 11 15 13 2 8 9 15 20632
100 51 51 2 4 2 5 3 3 2 24955
407 385 358 368 381 363 265 219 178 196 4995
38 30 30 14 23 24 27 19 21 23 16437
611 173 31 41 29 144 34 21 20 20 19543
443 43 29 25 44 9 7 13 9 13 22662
75 16 11 19 6 2 13 4 9 23 23397
167 29 26 20 64 29 6 11 13 15 17223
45 46 41 28 32 27 23 27 25 23 15284
52 5 12 5 4 4 6 2 4 7 24186
8 8 4 9 4 4 7 4 6 6 22350
30 26 12 28 20 19 6 20 4 14 19621
54 32 46 11 30 2 4 3 9 3 22421
34 43 29 25 14 13 31 36 18 16 11284
14 20 12 20 17 8 13 21 10 7 18692
92 61 54 58 38 62 40 57 26 30 14455
21 27 22 18 53 11 11 19 15 9 21520
39 22 35 9 16 19 11 14 24 16 20050
38 19 22 9 19 15 22 29 13 27 13323
437 11 27 16 18 14 9 12 8 8 21958
404 12 7 8 9 12 9 1 9 13 21499
11 20 11 5 8 4 8 18 5 10 20399
126 34 26 8 1 11 4 17 9 9 21649
28 24 24 35 20 23 29 31 23 27 19229
196 18 21 13 28 13 12 10 4 27 18501
17 40 19 11 21 16 10 42 14 13 16402
348 6 9 8 4 6 15 9 12 6 19039
79 9 7 7 11 12 6 16 21 10 20103
177 265 190 47 21 26 18 6 37 12 23266
268 198 255 121 111 145 151 97 107 42 18882
22 22 19 7 10 15 6 6 6 11 23056
14 11 14 19 13 8 13 13 7 14 20782
140 9 15 14 14 8 11 14 15 9 17465
938 26 27 15 17 15 17 11 11 12 20038
26 14 5 16 5 6 11 18 6 5 20609
1004 66 14 6 7 4 2 2 5 2 24213
68 7 10 6 9 6 2 4 3 9 24601
137 34 8 19 16 11 12 14 8 13 19036
15 9 8 9 19 6 4 12 7 9 20394
287 225 108 88 86 79 30 32 6 8 23354
27 24 25 14 14 17 16 13 15 14 19678
183 5 11 7 8 11 10 5 7 2 22930
57 4 9 20 4 2 6 5 10 6 23399
20 20 11 11 7 23 17 11 10 11 21092
26 23 30 27 25 21 12 15 14 20 13391
27 25 19 14 23 16 12 7 12 8 20579
21 11 23 17 19 11 8 15 26 15 10344
57 51 55 32 35 28 24 18 27 29 18161
20 17 10 5 8 7 10 9 4 3 24110
2 9 3 5 9 3 6 4 5 5 23823
11 15 4 8 5 9 7 11 9 3 23668
181 45 32 32 23 34 31 13 20 26 9975
29 44 16 40 15 36 21 19 26 15 17131
21 25 28 26 11 32 13 16 7 14 21122
68 15 19 13 9 18 9 7 4 0 20500
24 14 6 17 13 16 8 2 8 9 16960
40 21 21 20 20 18 26 20 12 24 19009
2 4 6 10 9 6 7 6 4 9 21660
12 24 12 14 14 20 5 12 8 4 21536
36 16 11 14 15 22 15 8 8 19 21285
129 79 14 20 14 9 9 5 25 3 20744
233 79 62 70 36 41 46 52 25 27 17749
72 72 52 45 35 42 54 37 36 37 14534
43 65 47 33 34 27 25 29 47 32 15198
15 13 10 8 12 3 7 15 10 17 22084
88 7 13 9 10 10 8 6 10 9 21223
161 7 7 8 11 11 5 5 11 3 22877
164 13 16 13 11 3 2 4 3 8 22563
11 9 13 2 4 6 6 9 13 4 22917
18 15 7 5 16 10 7 15 8 4 22501
15 9 16 26 8 22 5 16 5 25 18439
239 17 18 14 18 18 23 21 19 24 19994
15 17 22 9 19 19 11 10 8 13 21428
48 37 14 16 17 32 8 16 7 10 22340
547 13 6 5 7 9 12 11 6 5 22756
7 9 3 6 3 3 6 5 5 5 22046
85 76 63 45 54 35 35 42 53 25 16546
6 3 7 2 11 3 5 3 4 3 23951
20 7 6 7 9 10 9 4 10 32 18992
50 13 17 6 10 11 21 9 6 11 18323
93 35 54 32 66 31 25 31 45 19 15866
14 12 12 9 14 5 6 6 7 11 22428
15 14 19 9 20 7 16 11 4 15 19767
14 19 16 19 16 15 18 8 14 12 20731
36 16 11 13 14 16 13 20 11 10 20387
24 16 20 14 19 7 17 18 9 11 20944
32 22 23 25 28 27 21 28 21 17 10470
133 112 34 36 32 24 19 19 20 22 20583
91 74 18 24 10 12 8 6 10 7 21623
17 17 10 12 10 14 9 9 12 8 19459
13 10 7 43 22 10 11 42 8 7 20413
75 72 9 7 10 12 26 14 22 15 21251
64 107 46 54 31 31 25 31 21 24 15081
88 72 84 58 68 41 29 39 19 25 9928
88 34 11 15 6 20 5 6 13 7 21365
51 17 27 15 22 24 19 20 15 13 21470
4 3 4 8 2 5 2 7 5 1 23306
97 19 5 8 11 7 10 9 5 6 22372
78 71 16 9 7 6 8 20 15 4 19556
419 199 113 38 30 36 23 60 32 24 17960
29 11 1 6 15 7 4 10 11 3 23988
434 46 23 22 10 10 7 8 4 8 21839
15 4 11 9 7 4 12 8 10 8 22751
75 46 46 55 38 24 17 34 30 22 11668
575 18 9 10 3 11 9 4 8 5 21459
13 9 11 17 14 9 20 16 7 9 21346
79 73 7 4 10 12 5 6 5 6 23874
58 9 22 11 8 8 11 16 12 6 21691
81 38 23 32 14 10 11 6 11 5 21242
9 8 1 11 3 7 4 1 10 2 24029
596 102 89 73 141 75 71 67 53 62 15268
331 11 11 12 14 23 9 7 19 14 16818
97 78 15 22 21 27 13 7 15 12 22564
25 41 9 17 29 11 4 8 12 18 23213
78 21 12 27 125 14 18 19 26 30 16836
139 36 7 2 4 8 3 3 5 2 24822
225 8 21 16 9 8 8 25 8 7 18520
33 11 8 16 36 17 16 8 32 14 17893
50 44 28 29 14 20 16 5 15 18 18912
384 124 105 48 23 12 21 15 14 11 20328
29 13 19 6 3 2 4 2 2 4 24398
244 86 17 20 13 9 3 3 10 9 21806
26 18 22 18 11 15 18 14 11 16 19482
10 3 2 4 4 3 1 4 6 3 23508
310 221 159 83 53 44 13 6 8 6 22627
403 96 38 5 3 12 3 4 5 4 23179
107 18 12 18 20 12 6 11 9 4 17893
25 22 12 9 3 4 8 7 8 16 22234
79 58 37 37 32 32 37 27 34 33 18037
29 14 25 19 10 14 14 9 19 20 20427
65 17 16 22 12 6 16 8 4 6 21222
11 14 10 4 8 9 17 11 11 12 19097
307 8 5 13 15 3 21 6 9 6 22458
46 16 27 33 37 23 40 19 35 21 15907
91 116 82 22 27 13 6 10 17 8 15685
87 93 43 39 19 22 32 23 19 9 12859
38 11 8 3 2 4 2 2 7 6 23006
153 91 108 122 69 81 51 54 51 50 21573
12 9 3 3 8 3 5 3 2 5 23286
103 67 51 35 32 23 27 22 24 6 22635
47 19 16 19 23 14 20 12 11 16 17599
163 22 36 12 9 25 8 11 7 8 15491
464 15 7 25 19 15 17 5 12 18 19689
229 68 14 13 32 8 6 10 21 11 19961
25 33 19 26 12 24 31 20 17 9 20024
21 24 16 12 9 18 13 23 16 16 20945
24 27 33 26 28 19 13 23 21 14 12342
24 15 29 30 16 24 16 12 26 11 14577
11 8 81 3 13 4 9 10 1 3 22419
85 100 62 10 15 12 11 5 18 13 20622
10 18 14 14 3 4 5 7 5 5 21849
138 109 11 9 2 6 6 11 15 8 21853
15 12 11 8 10 9 5 15 12 8 20708
8 18 8 6 8 18 9 21 14 15 20535
86 13 9 8 3 8 5 7 4 11 22840
11 13 13 10 8 9 6 6 6 7 21100
107 6 5 11 10 7 6 16 13 3 23618
114 23 30 50 27 23 24 19 18 12 18673
6 11 10 6 8 7 3 4 9 4 21718
74 51 20 35 31 33 36 20 7 9 21165
75 13 10 7 9 2 12 9 6 3 21229
37 14 12 10 6 9 6 10 9 6 22828
512 43 49 40 29 30 31 26 18 31 19515
56 59 54 59 38 43 36 44 96 31 14706
25 18 10 5 8 5 7 2 6 2 23454
577 23 15 11 7 5 12 4 4 10 21980
13 16 17 16 33 14 15 6 8 11 21468
15 8 8 7 6 6 10 7 14 6 21801
79 39 37 24 21 31 20 18 24 14 20255
449 27 21 8 10 22 13 12 13 10 19812
155 53 42 42 41 41 11 13 21 25 19611
198 90 122 134 87 128 99 70 108 73 7811
255 123 98 70 12 8 18 11 5 8 22135
251 183 56 54 36 35 13 27 19 12 20260
42 14 6 4 4 16 8 6 7 11 22646
57 31 8 9 12 6 14 18 11 5 25161
26 25 21 24 20 20 29 14 32 18 13571
32 20 17 12 15 17 13 14 24 16 18425
71 65 66 67 68 61 59 61 58 46 16072
85 23 16 9 11 11 12 5 6 9 22482
243 159 85 28 31 23 29 29 21 41 18868
112 65 45 70 115 29 30 44 22 11 14938
37 8 12 9 6 7 12 8 10 1 23606
95 21 24 3 12 6 4 3 9 5 23152
233 170 155 13 10 10 4 32 3 3 22032
1033 6 5 10 6 3 11 9 9 5 22023
69 42 22 11 10 22 5 8 10 9 22351
15 21 24 15 9 18 9 12 7 23 17712
7 9 10 6 7 1 13 1 13 10 23611
29 6 10 14 12 11 7 13 11 14 20785
7 7 6 10 4 7 8 3 6 5 22500
15 12 9 17 8 7 10 9 7 13 20145
23 7 7 13 15 11 6 13 16 7 20140
19 7 8 8 5 14 11 6 7 8 19502
8 8 6 10 6 6 5 8 7 3 22327
125 15 14 3 13 10 11 15 19 22 19621
18 14 14 7 8 27 7 11 6 12 22127
274 32 43 30 38 32 30 26 30 36 17751
79 47 21 14 13 14 10 13 10 9 21925
290 20 20 14 26 10 39 11 13 25 21215
70 26 21 27 24 27 25 32 10 18 20350
44 31 24 34 14 33 18 32 35 33 13189
28 16 11 16 12 13 4 13 8 7 17415
6 10 5 9 7 24 6 18 8 4 21474
176 118 37 121 16 15 19 10 8 12 20630
93 35 33 22 29 16 31 14 11 18 24229
43 2 6 6 6 6 8 7 8 8 21893
106 72 42 5 17 35 19 7 7 6 21908
8 14 15 10 11 7 10 7 7 6 21746
353 16 11 12 9 8 13 13 13 9 23008
125 141 77 47 25 28 13 31 7 4 22459
202 46 36 46 38 25 33 28 27 25 23647
210 8 4 8 9 9 7 4 8 8 22257
61 66 54 68 41 40 36 57 50 51 7752
174 169 151 86 72 40 23 27 31 33 18285
59 12 28 46 11 21 10 19 17 11 17877
50 53 31 37 32 9 34 44 36 20 22027
61 77 7 9 4 7 9 5 9 3 24098
279 18 10 18 9 4 16 7 24 11 19011
59 6 6 8 6 3 8 14 7 8 20297
39 30 6 4 4 6 4 6 1 4 23269
14 13 7 20 12 13 11 5 7 11 19167
127 16 24 26 10 26 16 16 17 11 17497
58 18 15 16 20 13 9 13 7 10 20574
42 14 14 12 19 11 11 7 11 17 15606
16 7 19 11 4 14 9 3 5 4 22196
313 19 13 16 13 20 13 10 18 7 23513
24 14 15 7 16 9 13 3 20 11 18244
335 91 80 66 99 107 33 9 30 32 20939
14 11 18 15 6 9 4 9 5 10 20878
67 16 4 5 9 5 16 4 7 9 18822
172 79 13 16 13 6 10 23 12 12 20186
122 7 11 6 12 3 2 8 3 2 24263
19 25 14 17 14 4 8 15 5 15 20493
184 36 28 37 16 20 12 21 12 35 14948
50 24 16 19 9 11 11 7 9 4 20018
12 14 30 15 24 21 11 5 16 16 16744
48 37 23 10 20 12 13 13 6 21 22032
214 81 6 5 9 22 7 6 19 4 22880
11 6 28 6 7 16 6 4 6 11 22117
18 12 10 8 6 8 3 12 5 5 17181
228 63 39 24 37 52 27 24 16 26 16271
38 3 10 4 6 5 3 7 4 6 23055
37 32 24 20 24 51 17 19 19 23 20892
34 26 7 9 8 10 10 13 7 7 20008
160 39 16 20 14 7 8 12 13 7 17627
17 5 9 23 8 9 7 9 7 4 22069
198 113 117 89 57 50 40 38 17 22 18759
215 188 143 93 38 47 36 32 20 26 17182
129 41 26 19 19 59 23 24 24 24 20247
562 128 123 149 122 65 68 51 56 12 19806
64 15 17 10 14 19 14 8 16 11 21060
89 16 5 4 7 5 11 12 6 2 20697
95 45 45 53 54 16 35 43 29 14 16996
11 10 16 20 37 21 13 10 14 10 17487
