1 2 3 8 12 14 15 18 22 26 28 35 38 44 49 55 64 80 90 95 97 98 99 
1 2 3 6 7 9 15 21 24 27 32 44 50 57 64 71 78 89 93 95 99 100 
1 2 3 4 5 6 7 8 9 11 12 13 15 16 17 20 25 27 29 32 35 38 39 43 47 53 56 58 64 67 71 76 79 83 87 89 92 96 98 100 
1 5 6 11 16 24 29 36 39 51 60 71 79 89 94 97 100 
1 3 4 8 15 33 50 70 91 97 
1 6 11 24 44 62 82 95 
1 2 4 6 8 9 10 12 15 22 27 28 31 32 38 46 47 52 61 66 73 81 85 88 92 95 97 99 100 
1 2 3 4 5 7 9 11 14 15 18 24 27 32 35 41 43 45 50 54 60 65 70 73 78 82 83 85 86 88 91 93 95 96 97 100 
1 8 13 31 41 67 87 
1 4 7 8 10 13 14 15 17 23 25 29 36 45 59 74 83 89 97 99 
2 5 9 16 32 51 70 91 
2 3 5 6 9 10 13 15 18 20 23 26 37 42 54 61 70 80 90 96 97 98 100 
2 3 6 7 9 10 11 14 19 26 30 39 46 52 58 68 75 87 93 95 99 100 
1 6 10 20 33 41 54 78 93 
2 8 13 30 46 70 85 
1 2 3 4 6 7 9 10 12 14 15 18 19 21 23 25 27 28 29 30 32 34 38 40 42 43 44 45 47 49 52 56 58 60 61 64 67 69 71 72 73 75 76 80 84 86 87 88 92 93 94 96 97 98 99 100 
1 7 18 29 45 68 94 
1 5 10 12 18 34 46 59 73 83 93 96 
1 2 3 5 6 7 8 11 18 22 28 31 42 54 67 80 87 96 97 98 100 
2 4 10 24 34 55 79 96 
1 4 5 6 7 8 10 11 12 13 14 15 16 17 18 20 21 24 25 26 27 28 29 31 32 33 35 36 38 39 40 41 42 44 45 49 51 52 53 54 55 56 58 64 73 81 93 96 
1 3 4 5 7 10 12 20 26 38 48 63 79 91 100 
1 3 5 6 10 13 17 24 33 40 52 69 86 92 97 98 99 
2 4 5 8 9 11 14 15 17 24 36 50 61 77 90 96 
1 2 7 8 9 10 14 19 25 31 40 54 65 80 89 98 
2 5 7 17 28 40 55 71 83 95 
1 3 4 5 8 9 11 17 21 28 34 49 67 73 85 91 98 99 100 
1 3 5 10 13 18 21 24 31 39 52 60 77 86 97 100 
1 2 5 10 15 29 44 54 75 91 98 
1 3 4 8 15 18 22 32 45 54 69 86 95 98 
1 2 4 6 12 21 28 46 66 83 94 98 
1 2 8 13 19 36 49 58 76 94 
1 3 4 5 9 11 14 19 26 34 40 47 55 58 67 72 78 85 95 98 100 
1 2 4 6 9 12 14 16 19 22 28 36 49 60 70 82 91 93 100 
1 3 8 9 11 19 25 31 41 50 68 76 89 95 100 
1 2 3 4 5 6 9 15 18 19 21 28 40 49 66 74 78 86 96 100 
1 2 3 5 7 11 20 30 40 54 65 79 87 94 100 
3 5 12 24 42 63 86 
1 4 12 27 41 71 87 
1 2 4 6 12 16 23 32 42 49 65 79 92 95 100 
1 2 3 5 6 7 8 13 17 27 39 48 60 70 81 86 91 98 99 100 
1 2 4 6 16 30 53 85 
1 2 3 5 6 7 8 10 12 16 22 25 31 32 46 53 59 65 76 82 88 93 98 100 
2 6 13 17 29 35 49 69 89 98 
1 2 4 5 9 15 23 37 53 63 78 89 99 
1 2 3 4 7 12 18 30 46 61 80 92 99 
1 2 3 4 5 6 7 10 15 19 24 25 28 30 32 34 39 43 51 54 56 60 63 69 73 75 80 87 91 95 98 100 
1 2 3 4 5 6 7 8 9 12 13 15 16 17 19 20 22 24 27 31 36 42 45 50 51 55 62 65 71 77 79 82 87 90 93 96 98 99 100 
1 2 3 4 6 7 9 10 12 16 22 32 38 44 51 61 66 82 88 94 98 100 
1 2 8 20 31 56 78 96 
1 3 5 7 10 17 19 22 29 40 50 59 65 74 81 87 95 98 99 100 
2 3 4 5 6 7 8 10 11 12 15 17 18 19 21 22 23 24 26 28 31 33 35 39 42 44 47 49 51 53 58 59 62 63 67 71 72 76 78 82 86 87 89 92 94 95 96 98 100 
1 2 5 9 16 24 36 56 81 95 
1 2 3 4 5 7 9 10 11 14 16 17 20 23 24 25 28 32 33 36 38 44 48 51 58 60 68 73 76 80 85 91 95 98 100 
1 2 3 4 6 7 8 15 24 32 46 62 78 87 98 
1 3 4 6 10 19 31 46 66 78 92 
1 2 4 5 8 10 12 17 23 33 43 52 60 68 77 89 98 100 
1 2 4 7 10 17 32 51 74 90 98 
1 2 3 4 6 14 25 47 67 87 
1 2 3 4 6 7 12 16 24 30 37 43 52 58 73 85 94 97 100 
1 3 6 7 10 17 28 38 60 75 90 95 
1 2 4 5 6 7 9 14 16 20 30 36 46 56 69 82 91 96 100 
1 2 4 6 17 41 54 81 92 
1 2 4 10 19 33 51 75 90 99 
1 2 3 4 7 14 20 32 42 63 77 95 
1 2 3 5 8 10 11 12 14 17 19 20 22 29 32 35 38 39 41 43 47 53 57 59 61 65 67 68 73 79 83 84 86 87 88 90 92 93 96 97 98 99 100 
3 5 6 11 26 37 46 59 68 80 91 98 
1 2 3 4 6 7 11 17 31 42 53 66 83 89 95 100 
1 4 8 12 20 33 54 77 95 
1 2 3 5 7 10 16 20 27 33 40 56 68 76 84 90 98 99 
2 4 8 11 14 20 27 45 55 76 88 94 98 99 
1 2 5 7 9 16 23 26 37 45 58 63 69 77 89 93 97 98 100 
2 3 7 8 14 16 24 35 50 67 82 93 99 
1 2 3 4 5 6 7 10 11 15 16 17 20 21 22 24 27 31 34 39 40 45 49 53 59 64 69 72 75 77 78 84 86 91 92 94 96 98 99 100 
1 6 10 22 31 44 61 84 91 
1 2 3 7 13 29 41 53 66 86 96 100 
1 2 4 5 6 9 11 21 29 40 47 58 67 76 89 96 100 
2 6 9 14 22 32 40 53 64 75 89 95 100 
1 5 10 22 33 51 73 95 
1 2 3 4 5 6 8 10 19 26 34 41 53 68 81 96 99 
1 2 4 9 18 28 46 62 86 98 
1 2 4 6 13 15 23 30 36 50 64 83 89 95 97 100 
1 4 6 10 22 43 65 92 
1 3 4 8 12 19 24 36 53 68 79 90 99 
2 3 5 10 17 26 37 59 76 89 99 
1 5 12 19 27 43 62 79 87 95 
1 2 3 5 8 9 10 14 15 19 21 22 26 31 34 38 42 51 54 61 73 76 84 90 94 97 99 100 
1 2 3 4 5 6 9 10 12 15 19 22 29 34 39 41 42 48 53 55 64 70 76 80 86 90 95 97 98 99 100 
1 5 8 10 23 38 58 81 93 
1 2 3 4 5 7 8 10 11 16 17 19 20 22 23 31 32 36 42 46 50 53 57 61 68 72 74 75 78 85 87 88 90 93 96 97 98 100 
2 4 6 8 9 11 15 23 34 42 49 63 76 88 95 96 
1 2 4 11 19 34 56 86 
1 2 4 7 8 9 14 17 20 30 39 50 63 73 82 87 96 98 99 100 
1 2 3 4 6 7 8 9 10 11 12 14 15 16 24 27 29 30 31 32 36 37 43 44 47 48 49 50 53 55 58 60 64 66 71 75 77 82 84 86 88 90 94 98 99 100 
1 2 3 4 5 6 7 8 9 10 11 13 15 16 21 30 34 41 54 62 75 89 97 99 
1 2 3 5 6 7 9 10 11 13 19 24 32 38 43 54 63 73 82 89 92 95 100 
1 2 3 4 7 11 15 18 22 29 34 46 51 62 71 80 91 94 99 100 
1 2 3 5 9 11 18 24 36 49 61 78 88 95 
1 2 3 4 8 10 14 27 42 57 74 89 99 
1 4 7 11 20 40 57 68 88 
