10 2000 13 
57 39 37 33 29 28 26 25 24 22 161032
38 32 32 31 29 28 28 27 26 26 169539
84 79 72 59 58 51 50 49 46 45 154444
23 21 20 20 20 20 19 19 19 19 155013
13 12 11 11 10 10 10 10 9 9 180193
12 11 11 10 9 9 9 9 8 8 186849
52 40 39 37 36 36 34 34 33 33 151442
60 59 56 52 51 47 47 46 46 46 61754
10 9 9 8 8 8 8 8 8 8 192881
401 400 400 400 399 399 399 17 16 16 179864
12 9 9 9 9 8 8 8 8 8 189386
25 24 24 23 23 22 22 21 20 20 170827
30 30 29 22 21 21 21 20 19 18 169396
14 14 14 13 12 12 11 11 11 11 170836
10 10 10 10 9 9 9 9 8 8 186624
125 116 112 109 108 108 104 101 101 100 51662
10 10 9 9 9 9 9 9 9 8 182968
713 16 13 13 12 11 11 11 11 11 180166
48 30 28 23 20 20 18 17 17 16 180541
10 10 9 9 9 9 9 9 9 9 190073
1877 1875 1875 1875 1874 1873 1872 1869 1863 1863 145523
18 15 15 14 14 13 13 13 12 12 191408
24 22 21 19 19 19 18 18 18 18 161444
22 19 17 17 16 15 15 15 14 14 188304
22 19 15 14 14 14 14 14 13 13 185054
12 11 10 10 10 10 10 10 10 10 179206
27 22 21 21 21 20 19 19 19 18 167883
23 22 18 18 18 18 18 18 18 17 176676
15 13 12 12 11 11 11 11 11 11 187054
16 16 16 15 14 14 14 13 13 13 175382
14 14 14 14 12 12 12 12 11 11 185321
707 22 17 11 11 11 10 10 9 9 185524
32 31 31 28 26 23 22 22 21 21 177746
25 20 19 18 18 17 17 16 16 16 182777
2000 15 14 14 14 13 13 13 13 13 176896
32 30 30 28 27 26 25 24 23 22 179828
19 15 13 13 13 13 12 12 12 12 178618
10 10 9 9 9 8 8 8 8 8 188655
11 11 10 10 9 9 9 9 9 9 187483
17 16 15 14 14 14 13 13 12 12 178758
40 23 23 22 21 19 18 18 16 16 167769
12 10 8 8 8 8 8 7 7 7 191299
31 31 31 29 27 25 25 24 23 23 152734
12 12 10 10 10 9 9 9 9 9 190992
14 13 12 12 12 12 12 12 12 11 180394
15 12 12 11 11 10 10 10 10 10 192351
52 46 41 41 41 38 37 36 35 34 149199
64 57 56 54 52 52 51 50 50 49 137714
33 27 25 23 23 22 22 21 21 21 165458
10 8 8 8 8 8 8 8 8 8 192993
25 24 23 22 22 21 20 20 20 20 134126
106 106 100 92 90 88 84 75 73 73 132133
19 11 11 11 10 10 10 9 9 9 189910
49 46 45 44 44 43 42 42 41 40 145574
2000 17 17 16 15 15 15 13 13 13 174185
15 14 14 12 12 11 11 11 11 11 193693
30 28 22 21 20 19 19 18 18 17 162049
13 12 12 11 11 10 10 10 10 9 184499
12 10 9 9 9 8 8 8 8 8 194621
25 24 20 19 18 17 16 16 16 15 172499
15 15 14 13 12 12 12 12 11 11 169191
21 21 20 20 19 18 18 18 18 17 174861
12 10 10 9 9 9 9 9 9 9 186439
11 11 10 10 9 9 9 9 8 8 192057
16 15 15 14 13 13 12 12 12 12 183803
87 84 80 78 77 77 77 73 71 71 68809
18 15 14 14 14 14 14 13 13 13 179666
19 18 16 16 14 14 14 14 13 13 181779
11 11 11 11 10 10 10 10 9 9 186484
25 18 18 16 16 16 16 15 15 15 175558
15 14 14 14 13 13 13 13 13 13 163811
141 24 20 20 20 18 17 17 16 16 171844
18 15 13 13 13 12 12 12 11 11 179167
61 60 55 54 53 52 51 49 47 46 132430
11 11 10 10 10 10 10 10 9 9 189152
23 15 15 15 15 15 14 13 13 13 179745
22 22 19 19 18 18 17 17 16 16 176922
19 18 16 16 16 16 15 15 15 15 161998
10 10 9 9 9 8 8 8 8 8 188185
1135 1095 21 17 14 14 14 13 13 13 183111
12 11 10 10 10 10 10 10 9 9 175569
22 21 20 17 17 17 17 17 17 16 167241
12 9 9 9 8 8 8 8 8 8 191846
15 14 13 13 13 13 12 12 12 12 180109
14 12 12 12 11 11 11 11 10 10 175075
18 14 13 12 12 11 11 11 11 10 180373
76 53 48 41 35 33 33 32 32 32 153655
49 48 44 42 35 34 33 32 32 32 155039
13 11 10 10 9 9 9 9 9 9 187778
65 62 60 57 52 52 52 51 51 51 68961
23 22 16 16 16 15 15 15 15 15 168844
12 10 10 10 9 9 9 9 9 9 180677
26 23 23 22 22 20 18 18 18 18 152839
69 68 68 67 63 62 61 59 56 56 153967
2000 308 305 171 170 33 26 26 25 24 187008
224 26 26 26 25 24 24 23 22 22 149625
33 28 26 25 24 24 22 21 21 19 157286
20 16 16 15 14 14 14 13 13 13 171399
14 13 12 12 10 10 10 10 10 10 192197
10 10 9 9 9 9 8 8 8 8 193223
