1 2000 13 
57 161032
38 169539
84 154444
23 155013
13 180193
12 186849
52 151442
60 61754
10 192881
401 179864
12 189386
25 170827
30 169396
14 170836
10 186624
125 51662
10 182968
713 180166
48 180541
10 190073
1877 145523
18 191408
24 161444
22 188304
22 185054
12 179206
27 167883
23 176676
15 187054
16 175382
14 185321
707 185524
32 177746
25 182777
2000 176896
32 179828
19 178618
10 188655
11 187483
17 178758
40 167769
12 191299
31 152734
12 190992
14 180394
15 192351
52 149199
64 137714
33 165458
10 192993
25 134126
106 132133
19 189910
49 145574
2000 174185
15 193693
30 162049
13 184499
12 194621
25 172499
15 169191
21 174861
12 186439
11 192057
16 183803
87 68809
18 179666
19 181779
11 186484
25 175558
15 163811
141 171844
18 179167
61 132430
11 189152
23 179745
22 176922
19 161998
10 188185
1135 183111
12 175569
22 167241
12 191846
15 180109
14 175075
18 180373
76 153655
49 155039
13 187778
65 68961
23 168844
12 180677
26 152839
69 153967
2000 187008
224 149625
33 157286
20 171399
14 192197
10 193223
