57 39 26 22 20 18 17 16 15 14 13 12 11 10 9 8 7 6 5 4 3 2 1 
38 26 22 21 20 19 18 17 16 15 14 13 12 11 10 9 8 7 6 5 4 2 
84 79 72 59 58 51 46 45 42 41 39 38 36 35 34 33 32 30 29 28 27 26 25 24 23 22 21 20 19 18 17 16 15 14 13 12 11 10 9 8 
20 19 18 17 15 14 13 12 11 10 9 8 7 6 5 4 3 
12 9 8 7 6 5 4 3 2 1 
8 7 6 5 4 3 2 1 
39 36 34 33 32 31 29 27 26 25 24 23 22 21 20 19 18 17 16 15 14 13 12 11 10 9 8 6 5 
56 51 47 46 45 44 43 40 39 38 37 36 35 34 33 32 31 30 29 28 27 26 25 24 23 22 21 20 19 18 17 16 15 13 12 11 
8 6 5 4 3 2 1 
401 400 399 17 16 15 14 13 12 11 10 9 8 7 6 5 4 3 2 1 
8 7 6 5 4 3 2 1 
24 23 22 21 20 19 17 16 15 14 13 12 11 10 9 8 7 6 5 4 3 2 1 
30 29 21 20 18 17 16 15 14 13 12 11 10 9 8 7 6 5 4 3 2 1 
9 8 7 6 5 4 3 2 1 
7 6 5 4 3 2 1 
125 116 112 109 108 104 101 100 96 95 88 86 85 84 82 81 79 78 77 76 75 74 73 71 70 69 68 67 66 65 64 62 61 60 59 58 57 56 55 54 53 52 50 49 48 47 45 43 41 39 37 35 34 33 31 30 
7 6 5 4 3 2 1 
713 11 10 9 8 7 6 5 4 3 2 1 
48 28 23 20 18 17 16 15 14 13 12 11 10 9 8 7 6 5 4 3 2 
9 8 7 5 4 3 2 1 
1877 1875 1874 1873 1872 1869 1863 1862 1860 1858 1856 1855 1102 1100 1098 1097 1096 1093 1092 1090 1089 1085 1084 848 847 846 845 844 841 839 836 834 833 832 831 830 829 827 826 824 817 8 7 5 4 3 2 1 
15 14 13 12 11 10 9 8 7 6 5 4 3 2 1 
22 18 16 14 13 12 11 10 9 8 7 6 5 4 3 2 1 
17 15 14 13 12 11 10 9 8 7 6 5 4 3 2 1 
19 15 14 13 12 11 10 9 8 7 6 5 4 3 2 1 
10 9 8 7 6 5 4 3 2 1 
22 21 20 18 17 16 13 12 11 10 9 8 7 6 5 4 3 2 1 
23 18 17 15 13 12 11 10 9 8 7 6 5 4 3 2 
11 10 9 8 7 6 5 4 3 2 1 
16 14 12 11 10 9 8 7 6 5 4 3 2 1 
14 11 10 9 8 7 6 5 4 3 2 1 
707 22 8 7 6 5 4 3 2 1 
32 22 20 19 17 16 15 14 13 12 11 10 9 8 7 6 5 4 3 2 1 
25 19 18 17 16 15 14 13 12 11 10 9 8 7 6 5 4 3 2 
2000 14 13 12 11 10 9 8 7 6 5 4 3 2 1 
27 25 24 18 17 16 15 14 13 12 11 10 9 8 7 6 5 4 3 2 
19 15 13 12 11 10 9 8 7 6 5 4 3 2 1 
7 6 5 4 3 2 1 
8 6 5 4 3 2 1 
16 14 13 12 11 10 9 8 7 6 5 4 3 2 1 
40 23 21 18 16 15 14 13 12 11 10 9 8 7 6 5 4 3 2 1 
8 7 6 5 4 3 2 1 
29 27 25 23 22 21 20 19 18 17 16 15 14 13 12 11 10 9 8 7 6 5 4 3 
12 9 8 7 6 5 4 3 2 1 
14 13 12 10 9 8 7 6 5 4 3 2 1 
15 12 11 10 9 8 7 6 5 4 3 2 1 
46 41 38 37 34 33 32 30 29 28 27 26 25 24 23 22 21 20 19 18 17 16 15 14 13 12 11 10 9 8 7 5 
64 57 56 54 52 50 47 45 44 42 41 40 39 37 36 35 34 33 32 31 30 29 28 27 26 25 24 23 22 21 20 19 18 17 16 15 14 13 11 
33 27 23 21 19 18 17 16 15 14 13 12 11 10 9 8 7 6 5 4 3 1 
8 7 6 5 4 3 2 1 
22 19 18 17 16 15 14 13 12 11 10 9 8 7 6 5 4 3 2 1 
106 100 92 90 88 84 75 73 66 65 64 63 61 60 59 57 56 55 54 53 51 49 48 46 45 44 43 42 41 40 39 38 37 36 35 34 33 32 31 30 29 27 26 25 24 23 22 21 20 
11 10 8 7 6 5 4 3 2 1 
49 46 45 43 41 39 38 37 35 34 33 31 30 29 28 27 26 25 24 23 22 21 20 19 18 17 16 15 14 13 12 11 10 9 8 
2000 16 15 12 11 10 9 8 7 6 5 4 3 2 1 
15 12 11 8 7 6 5 4 3 2 1 
21 20 17 16 15 14 13 12 11 10 9 8 7 6 5 4 3 2 
12 10 9 8 7 6 5 4 3 2 1 
10 9 8 7 6 5 4 3 2 1 
25 18 17 16 15 14 13 12 11 10 9 8 7 6 5 4 3 2 1 
15 11 10 9 8 7 6 5 4 3 2 1 
21 20 18 16 15 14 13 12 11 10 9 8 7 6 5 4 3 2 1 
12 9 7 6 5 4 3 2 1 
11 10 8 7 6 5 4 3 2 1 
16 15 12 11 8 7 6 5 4 3 2 1 
80 77 69 64 63 62 59 58 56 55 54 53 51 50 49 48 47 46 45 43 41 40 39 38 37 36 35 33 32 31 30 29 28 27 26 25 22 20 17 16 12 11 10 
14 12 11 10 8 7 6 5 4 3 2 1 
19 16 14 13 12 11 10 9 8 7 6 5 4 3 2 1 
9 8 7 6 5 4 3 2 1 
25 18 16 15 14 13 12 11 10 9 8 7 6 5 4 3 2 1 
14 13 12 11 10 9 8 7 6 5 4 3 2 1 
141 24 20 16 15 14 13 12 11 10 9 8 7 6 5 4 3 2 1 
13 12 11 10 9 8 7 6 5 4 3 2 1 
61 60 55 54 53 51 47 46 45 44 43 42 41 40 38 37 35 34 33 32 31 30 29 28 27 26 25 24 23 21 20 19 18 17 16 15 14 13 12 11 
9 8 7 6 5 4 3 2 1 
15 11 10 9 8 7 6 5 4 3 2 1 
19 17 16 15 14 12 11 10 9 8 7 6 5 4 3 2 1 
14 12 11 10 9 8 7 6 5 4 3 2 1 
10 7 6 5 4 3 2 1 
1135 1095 21 17 14 13 11 10 9 8 7 6 5 4 3 2 1 
10 9 8 7 6 5 4 3 2 1 
20 17 16 15 12 11 10 9 8 7 6 5 4 3 2 1 
12 8 6 5 4 3 2 1 
14 12 11 10 9 8 7 6 5 4 3 2 1 
12 10 9 8 7 6 5 4 3 2 1 
10 9 8 7 6 5 4 3 2 1 
76 53 48 33 32 29 28 27 26 25 24 23 22 21 19 18 17 16 15 14 13 12 11 10 9 8 7 6 
49 48 44 42 35 34 32 30 29 28 27 26 25 24 22 21 20 19 18 17 16 15 14 13 12 11 10 9 8 7 6 
9 8 7 6 5 4 3 2 1 
65 62 60 57 52 51 49 48 47 46 45 44 43 42 41 40 39 38 37 36 35 34 33 32 30 29 28 27 26 25 24 23 22 21 18 14 13 11 
16 15 14 13 12 11 10 9 8 7 6 5 4 3 2 1 
9 7 6 5 4 3 2 1 
26 20 18 17 16 15 14 13 12 11 10 9 8 7 6 5 4 3 2 1 
69 68 67 61 56 55 54 53 52 49 48 47 45 44 43 42 41 40 38 37 36 35 33 32 31 30 29 28 27 26 25 24 23 22 21 20 19 18 17 15 14 13 12 11 8 7 
2000 308 305 171 170 33 26 24 23 22 21 13 12 11 10 9 8 7 6 5 4 3 2 1 
224 26 25 24 21 19 18 17 16 15 14 13 12 11 10 9 8 7 6 5 4 3 2 
28 26 25 17 16 15 14 13 12 11 10 9 8 7 6 5 4 3 2 1 
16 14 13 12 10 9 8 7 6 5 4 3 2 1 
14 13 12 10 9 8 7 6 5 4 3 2 1 
9 8 7 6 5 4 3 2 1 
