57 39 22 20 14 13 12 11 
26 21 18 17 15 13 12 11 10 8 
84 79 59 58 51 45 39 32 28 
19 17 14 12 8 
12 7 5 4 3 2 
7 6 5 3 2 1 
39 34 26 22 20 19 17 15 14 
56 46 45 39 36 35 32 29 
5 4 3 2 1 
401 400 399 16 15 11 
8 7 6 5 4 3 2 1 
22 21 20 19 17 16 15 14 11 
30 29 21 17 15 14 13 12 
6 5 4 3 2 
6 5 4 3 1 
125 116 112 109 104 101 74 73 71 57 
6 5 4 3 2 1 
713 11 10 8 7 6 4 
48 28 23 18 17 15 14 10 
9 8 5 4 3 2 1 
1877 1875 1874 1873 1872 1863 1860 1855 
14 12 11 10 9 8 6 4 
22 18 16 12 10 9 8 7 5 
17 15 14 12 9 7 6 4 3 
14 9 7 3 2 1 
9 7 5 4 3 1 
22 21 20 12 11 10 9 7 
18 15 12 9 8 7 6 
11 7 6 5 3 
14 11 10 7 6 5 2 
14 10 7 5 4 3 
707 22 8 6 5 4 3 2 1 
19 17 14 13 12 10 7 4 
25 19 18 17 15 14 13 10 9 8 
2000 14 13 12 11 10 9 
27 25 13 10 9 7 
19 15 12 9 8 7 6 5 
7 4 3 2 
8 6 4 3 2 1 
12 11 9 8 7 4 3 
23 21 18 15 13 11 10 3 
7 4 3 1 
29 25 23 22 20 19 18 16 12 
12 8 7 6 4 3 2 1 
14 13 12 10 8 6 5 4 
15 8 6 5 3 2 
46 37 33 29 28 27 19 15 
64 56 50 47 42 40 33 25 24 
18 15 13 11 9 5 
6 5 4 3 2 
19 17 15 14 12 11 6 4 3 
106 100 75 73 66 61 54 51 
11 6 5 3 2 
49 46 45 38 37 34 27 25 16 
2000 16 12 10 8 7 6 2 
15 8 7 3 2 
21 20 16 14 13 9 6 5 4 
10 9 6 5 4 2 
10 6 5 4 3 2 
25 15 13 12 11 10 4 3 
15 11 10 7 4 3 
21 20 18 13 10 9 8 3 
6 5 4 3 2 
10 7 5 4 3 2 
16 15 8 6 5 4 3 1 
77 63 62 55 50 48 30 
10 8 7 6 
14 13 9 8 7 6 5 3 
8 7 6 4 3 2 
25 15 12 11 10 7 4 
12 11 10 8 7 6 5 4 
141 20 16 15 14 11 9 
12 9 7 6 5 4 
60 55 54 53 46 44 37 32 28 24 
8 6 5 3 2 
8 7 6 3 
16 14 11 10 9 8 7 5 
14 11 9 7 6 3 
6 5 4 3 2 
1135 1095 21 11 9 7 5 
9 7 6 5 4 3 2 1 
12 10 8 7 6 
8 4 3 2 
14 10 9 8 6 5 4 3 
12 10 9 8 6 5 4 
9 5 4 3 2 1 
76 53 33 32 29 22 16 
48 44 42 32 30 28 27 26 25 22 
9 8 5 2 
65 62 60 57 48 46 44 43 40 38 
14 11 9 8 7 5 
9 5 3 2 1 
26 17 12 11 10 9 8 
68 53 52 48 47 43 42 33 27 19 
2000 308 305 171 170 26 24 22 9 6 
224 26 19 18 17 15 14 11 9 4 
25 16 13 11 10 9 7 6 
13 12 10 9 7 5 3 2 
14 12 10 7 6 5 4 3 
8 6 5 4 3 2 
