100 2000 13 
57 22 22 20 20 39 14 13 12 11 9 22 15 10 10 4 12 12 17 18 20 10 16 5 9 5 7 12 6 11 6 5 7 7 7 6 8 8 7 22 3 14 9 7 11 7 4 5 6 18 7 10 15 4 16 6 13 8 5 7 3 8 6 6 12 8 12 8 14 16 5 6 5 6 6 9 10 6 4 6 15 15 9 5 6 6 5 12 6 26 2 1 22 5 6 0 20 4 14 10 161032
26 17 18 11 13 21 12 8 10 15 12 17 14 14 12 16 13 6 9 20 13 11 13 17 11 19 18 8 13 18 9 13 12 16 10 10 15 13 9 13 7 18 9 7 13 11 12 19 7 17 7 6 16 10 13 38 9 13 11 18 14 4 14 9 17 8 22 5 12 4 7 10 9 13 7 11 8 5 2 7 15 21 21 11 10 17 6 8 10 7 7 6 4 14 7 18 7 8 8 4 169539
79 84 58 39 59 32 51 45 28 28 46 24 41 38 24 27 32 32 32 30 35 33 27 27 29 33 32 23 21 26 16 28 23 16 18 22 22 21 24 20 10 34 72 16 8 19 12 19 17 36 19 26 26 18 24 18 25 23 15 33 19 10 21 22 8 14 19 22 22 23 13 15 14 20 16 22 17 36 10 17 16 12 13 9 19 41 13 11 14 13 10 11 11 29 15 9 14 17 30 42 154444
14 17 19 14 17 14 12 17 19 8 17 18 12 19 14 3 10 14 9 6 8 9 14 15 5 13 12 10 7 13 9 8 7 10 15 15 8 11 6 10 6 6 20 14 13 7 8 14 19 9 7 5 7 5 12 6 6 8 8 9 10 9 17 15 10 8 9 10 7 7 13 15 10 6 11 8 9 13 3 10 4 3 4 7 12 12 8 6 8 5 10 10 4 5 6 12 11 10 9 6 155013
2 7 2 3 2 12 7 4 4 5 3 4 4 1 3 4 8 5 3 4 5 1 4 3 2 5 1 6 5 4 1 3 9 1 3 6 4 6 5 1 6 2 5 4 5 2 2 2 5 3 6 0 5 5 5 6 3 5 2 5 2 9 7 4 3 3 3 3 3 2 3 2 3 3 2 4 4 6 4 2 3 2 7 4 5 4 3 0 2 2 5 3 5 0 5 4 2 2 2 2 180193
5 7 6 3 3 3 2 2 1 7 1 5 5 2 5 4 3 4 4 1 3 4 5 0 5 5 4 5 2 5 3 4 0 3 1 5 1 0 3 7 2 3 3 5 4 6 3 7 4 5 3 2 0 4 6 0 8 1 4 2 2 2 3 4 4 2 4 1 6 1 5 2 3 7 2 3 1 2 2 1 4 4 4 2 6 3 4 4 1 2 3 2 4 3 1 1 2 2 4 2 186849
17 14 39 19 20 14 34 26 22 15 24 10 29 34 27 20 25 12 24 33 25 13 25 16 16 14 32 19 23 27 13 21 33 26 24 16 25 16 19 19 16 14 10 10 31 20 13 15 20 19 5 32 24 17 13 9 14 10 19 11 15 8 6 15 8 22 18 20 17 25 15 26 6 9 11 16 9 24 25 25 13 17 16 19 13 19 12 17 13 12 22 36 14 13 12 20 16 11 14 16 151442
56 45 32 46 35 36 39 36 32 29 36 31 24 44 44 25 31 33 11 37 23 39 15 36 27 25 17 51 30 22 19 29 20 47 26 27 34 34 40 23 34 24 23 29 36 18 33 25 25 36 27 40 35 23 34 39 32 16 26 29 32 15 43 17 24 28 35 28 26 11 27 37 22 32 28 16 38 30 22 20 28 29 27 25 26 32 23 12 11 22 21 27 26 17 13 33 37 18 43 34 61754
2 0 5 3 5 4 1 0 2 4 4 2 2 2 6 2 6 3 2 1 1 2 5 1 2 3 2 0 2 3 1 6 4 2 2 4 0 4 1 8 2 1 6 4 0 6 2 0 1 1 4 2 2 0 2 1 2 5 4 5 6 4 6 4 0 4 0 0 0 2 3 1 1 2 4 4 2 1 2 1 3 2 3 1 1 1 2 1 4 3 4 1 3 3 2 0 4 4 0 1 192881
399 399 399 401 400 400 400 11 16 15 14 17 16 11 9 11 8 13 4 9 4 5 6 7 9 8 3 12 7 15 3 3 2 4 10 5 8 4 8 5 6 7 6 3 5 2 15 7 6 6 6 5 9 7 5 7 10 3 4 2 6 7 4 8 6 11 7 12 1 2 5 7 5 2 5 6 6 6 4 5 4 4 8 1 8 5 6 11 6 5 2 2 5 3 11 0 5 2 6 5 179864
6 5 3 1 4 8 7 2 4 2 5 5 1 4 5 3 2 3 1 4 4 4 5 1 0 1 6 7 4 1 1 5 0 3 3 2 1 3 3 4 4 4 3 6 2 1 2 4 2 3 4 5 1 1 1 2 0 0 2 8 2 1 0 4 1 3 3 3 0 2 1 3 3 2 2 2 2 2 0 3 7 6 4 0 1 2 1 3 1 1 1 3 2 4 1 4 2 0 3 3 189386
22 22 20 16 21 19 17 11 14 15 12 6 11 11 23 20 6 10 8 1 4 9 11 3 5 10 8 11 6 15 4 17 13 9 8 12 11 11 9 5 4 9 15 2 9 11 13 13 14 6 8 11 10 20 4 9 7 6 6 8 9 7 9 10 5 7 7 11 6 9 5 6 7 10 5 7 6 5 9 6 7 11 8 8 7 5 7 16 1 5 5 9 9 24 17 4 24 4 12 5 170827
30 30 21 17 29 13 15 21 12 14 11 6 8 18 13 12 14 3 5 10 15 5 13 9 9 14 6 4 13 10 18 11 20 2 2 15 14 6 11 10 11 5 13 8 9 5 11 10 16 2 6 21 9 7 8 4 7 7 5 9 9 5 7 11 5 6 10 11 8 4 6 5 13 10 5 1 7 7 8 5 4 14 7 4 2 12 3 11 4 7 8 12 11 13 5 7 10 6 5 7 169396
3 6 4 2 5 2 3 0 3 5 7 1 6 2 2 9 3 4 6 3 3 5 3 2 5 6 4 2 6 8 2 3 8 8 1 3 3 2 7 4 1 2 1 1 0 6 4 4 5 0 5 2 3 2 1 1 2 7 0 0 2 3 2 1 1 5 5 0 2 4 2 3 5 6 1 7 6 2 4 8 2 1 2 5 1 2 1 5 0 6 1 2 8 5 2 6 5 1 2 2 170836
5 1 1 3 1 4 4 6 5 4 4 6 2 6 4 4 0 6 3 3 1 2 2 2 2 3 2 4 3 7 3 1 1 1 2 2 0 3 2 0 4 1 4 5 0 2 0 1 2 0 3 4 4 3 2 3 2 3 1 1 1 0 2 0 3 6 4 1 2 0 3 4 3 5 0 2 4 6 2 0 1 2 5 2 0 4 2 2 2 1 7 2 2 0 0 3 0 3 4 4 186624
116 101 125 112 104 109 71 74 73 57 78 95 101 71 65 82 49 86 68 73 69 81 81 57 62 96 75 67 73 49 39 52 43 56 49 77 54 65 70 49 84 58 55 79 41 48 82 64 41 64 85 74 52 66 62 56 70 66 96 47 41 61 50 55 30 37 62 58 35 48 76 57 53 75 45 35 73 62 33 86 88 58 41 59 79 100 60 95 48 60 86 108 31 84 64 48 47 108 34 61 51662
4 6 2 2 3 1 5 2 2 3 4 2 1 2 6 3 1 4 1 2 3 2 1 1 2 4 4 4 3 1 3 5 4 2 0 1 1 7 0 0 6 1 5 2 1 2 4 1 1 1 3 1 5 0 2 0 4 6 3 2 3 5 5 1 1 5 2 1 3 2 6 1 5 4 3 2 3 3 2 1 3 1 0 2 5 4 1 1 1 3 2 2 6 1 2 5 3 2 5 1 182968
713 10 8 6 7 8 7 6 11 4 10 4 9 7 3 7 3 5 10 7 7 6 3 4 8 9 3 10 4 2 11 1 7 6 0 6 4 4 6 6 0 7 8 7 2 2 3 2 4 2 11 1 6 6 7 6 1 5 6 7 5 0 3 4 5 7 8 10 5 7 5 5 4 5 2 2 2 4 4 3 5 11 3 5 2 4 7 3 4 7 6 2 5 3 4 8 0 5 7 5 180166
48 28 14 17 23 10 18 15 14 15 20 12 20 16 8 14 8 11 14 7 9 13 14 5 2 10 11 7 3 10 5 10 12 9 12 9 8 9 9 8 8 10 9 10 7 9 15 10 8 13 14 6 9 11 9 6 7 9 10 5 8 10 12 8 9 7 10 8 9 5 4 5 13 5 12 7 10 6 8 5 8 7 14 7 7 5 7 7 6 6 12 13 8 7 6 2 8 6 7 5 180541
5 9 3 4 2 3 2 1 3 8 5 7 5 4 4 2 7 3 0 3 3 2 5 3 1 3 0 2 2 2 9 3 2 1 5 1 1 8 3 2 2 1 2 3 2 1 7 4 7 4 7 2 4 2 1 3 1 3 1 1 4 0 2 5 2 2 5 3 5 3 3 5 3 2 5 4 1 2 2 1 2 5 4 2 3 3 5 3 2 2 5 7 5 1 1 1 1 3 0 4 190073
1869 1875 1877 1860 1873 1875 1875 1858 1863 1874 1855 1862 1872 1856 1863 1092 1090 1093 1093 1100 1089 1097 1098 1096 1097 1102 1093 1085 1084 830 829 824 832 841 834 817 845 848 829 830 839 830 833 830 847 832 848 836 845 844 841 846 827 831 826 8 4 0 3 4 2 2 7 5 3 4 5 4 2 2 1 5 0 0 3 0 4 3 4 3 4 1 1 5 2 3 2 2 7 2 5 4 3 4 2 5 2 3 2 2 145523
8 9 4 12 4 10 14 6 11 6 8 3 9 6 6 3 8 3 5 7 4 3 4 14 3 3 13 1 4 4 1 5 4 6 5 3 6 7 2 15 3 3 4 4 1 8 1 2 3 8 6 6 11 2 6 10 2 8 4 2 5 8 3 3 3 2 2 5 4 5 6 7 5 2 1 10 5 4 7 1 1 1 2 4 6 7 3 2 4 3 7 2 5 4 5 1 2 8 3 6 191408
18 7 12 9 10 16 5 12 22 8 7 10 13 7 3 9 11 7 5 8 8 5 5 10 8 9 18 6 6 6 4 12 10 5 5 8 10 7 7 11 11 4 3 8 4 10 7 4 11 5 9 16 6 5 6 9 6 5 7 5 10 6 13 13 13 5 6 8 3 5 3 1 9 4 6 14 6 6 6 0 5 5 5 2 7 6 5 5 9 9 4 6 7 3 6 9 7 6 6 7 161444
12 9 17 4 14 6 17 3 15 7 13 10 7 8 6 4 3 4 5 6 13 15 10 11 7 4 6 5 3 4 5 5 6 13 3 6 3 11 0 7 7 3 2 2 5 10 3 1 2 4 6 2 4 2 6 4 0 2 4 1 5 3 3 3 1 5 0 3 4 5 5 6 2 5 8 5 5 2 2 2 6 2 4 0 5 7 3 5 1 3 1 3 2 1 2 7 6 3 3 6 188304
14 14 9 7 3 3 9 14 2 1 8 5 3 5 10 8 10 7 2 10 2 15 9 4 2 14 4 4 12 11 4 4 7 5 6 5 7 5 3 1 8 1 10 0 6 5 4 0 2 6 6 9 3 5 2 4 5 1 5 1 3 3 8 4 13 3 5 6 1 1 1 5 6 6 3 5 2 4 3 4 5 3 3 9 1 3 3 4 8 7 6 14 2 6 2 3 7 19 8 5 185054
9 7 3 4 4 5 3 4 1 0 5 5 4 2 3 5 6 2 7 8 3 2 9 5 7 3 10 10 7 1 3 4 3 5 7 7 7 0 4 5 3 2 5 6 6 7 5 0 6 4 6 3 9 4 3 6 3 3 1 1 2 3 6 4 3 2 2 2 2 2 7 7 1 4 6 1 0 4 2 6 5 5 2 3 4 4 1 3 0 8 1 1 1 6 1 1 4 4 6 5 179206
20 9 11 10 12 10 22 9 21 7 10 8 12 17 12 8 8 5 18 7 4 8 17 12 7 13 1 6 4 3 9 4 5 16 13 17 9 21 5 11 6 10 6 4 6 12 8 8 10 5 12 3 10 3 3 8 7 7 7 5 6 5 3 7 8 3 8 11 9 8 5 7 2 7 7 8 5 11 5 4 5 7 7 8 8 7 10 5 8 7 8 3 5 9 6 7 4 7 7 7 167883
15 12 8 8 18 6 12 15 9 7 9 9 3 2 5 15 11 10 6 4 12 12 13 8 4 5 5 5 5 13 7 11 10 3 9 7 6 6 7 15 18 4 13 8 9 8 7 12 3 4 2 15 5 9 5 5 9 6 8 3 7 7 7 6 3 5 5 5 8 5 4 7 3 3 3 10 8 5 6 5 5 4 5 17 11 23 3 2 6 4 4 3 7 7 17 7 7 3 5 4 176676
5 6 7 5 3 5 3 11 6 6 5 7 9 3 5 4 5 5 8 3 9 5 5 4 6 3 6 8 1 5 3 6 2 6 4 3 3 1 2 7 3 6 2 4 2 4 6 6 1 3 9 4 8 5 2 5 8 2 3 3 2 2 3 1 4 3 6 1 6 5 1 7 2 5 2 2 3 6 3 3 4 3 2 1 0 0 6 3 2 4 5 10 8 3 7 3 2 2 4 2 187054
10 6 7 5 5 11 11 6 14 2 16 9 7 3 3 6 7 4 10 9 3 7 11 6 7 10 10 5 3 4 4 3 10 3 2 2 5 4 7 3 3 8 4 5 2 3 4 2 4 5 4 6 1 3 3 5 10 6 6 0 9 11 5 4 4 8 6 7 8 6 2 2 1 6 3 6 4 1 10 7 4 7 3 4 3 6 8 2 5 2 14 12 0 4 6 3 3 3 4 7 175382
14 7 7 4 4 10 4 5 5 3 2 2 4 3 1 9 5 10 4 7 3 8 5 6 5 8 6 4 3 8 2 8 3 5 5 7 5 5 1 7 7 3 6 4 5 3 5 6 4 5 5 4 5 11 9 8 4 4 6 8 2 2 7 2 7 4 5 5 4 4 4 5 5 3 3 0 3 4 3 4 2 1 4 4 3 3 2 6 4 2 0 2 3 6 7 1 3 2 3 3 185321
707 22 6 5 4 1 8 2 3 6 7 5 2 2 5 4 2 4 5 2 7 3 8 7 5 4 1 1 5 1 2 5 2 3 7 0 2 6 4 4 8 3 2 5 0 1 2 2 5 8 1 5 4 1 4 3 1 5 1 0 2 8 8 2 7 3 1 3 2 6 4 5 2 6 3 2 5 4 4 5 4 0 1 0 1 5 1 1 0 6 4 5 1 1 2 2 3 1 5 1 185524
17 17 14 10 13 7 4 12 19 7 8 12 10 15 14 8 12 7 9 13 3 12 32 3 4 16 14 9 16 11 20 9 10 22 12 10 13 11 4 3 13 14 11 7 7 9 17 3 3 6 14 3 15 9 22 9 13 4 7 9 6 5 13 12 13 6 10 7 11 6 9 12 5 7 7 4 12 5 5 2 3 2 11 2 10 6 3 3 4 10 15 5 5 8 11 1 4 1 17 3 177746
18 17 19 10 25 14 15 8 13 9 8 5 7 8 17 9 16 8 16 16 9 10 6 2 11 9 12 15 3 6 15 6 5 6 7 2 7 12 11 3 4 10 12 9 14 5 7 8 7 4 8 18 7 6 5 8 10 8 5 4 6 9 5 6 5 4 5 8 8 5 5 4 10 4 10 6 8 8 4 7 2 2 7 4 11 7 6 5 9 2 2 9 6 2 13 7 5 7 8 4 182777
2000 13 12 13 14 13 11 10 10 9 10 3 3 9 4 3 8 7 5 5 10 6 8 7 10 4 5 6 5 9 4 8 5 5 5 7 3 10 8 6 13 13 11 14 9 1 2 3 7 3 7 8 9 3 1 3 6 10 3 5 2 4 5 5 9 6 6 10 5 2 2 7 5 7 5 3 4 7 3 5 5 2 5 4 5 5 1 6 7 3 3 1 8 2 7 4 1 4 6 6 176896
25 27 13 13 9 7 9 7 10 7 7 18 6 7 8 15 10 3 2 14 14 4 10 10 6 9 4 8 9 6 9 11 14 7 8 8 15 8 14 7 5 4 9 7 7 7 2 2 10 3 3 5 4 7 24 3 8 10 4 9 16 4 7 17 8 4 14 7 10 6 6 9 7 3 3 4 3 9 3 2 6 9 3 14 6 7 5 8 6 9 5 9 15 3 13 12 7 11 8 7 179828
19 15 8 9 7 9 12 6 12 5 6 6 7 6 9 6 9 4 8 6 3 6 7 6 10 8 6 5 4 2 11 8 13 4 5 2 4 5 2 3 6 7 1 3 4 4 1 8 7 10 10 2 4 5 5 7 8 3 4 1 5 2 9 10 6 7 4 7 8 6 5 8 2 9 7 5 1 8 4 9 7 9 6 3 5 11 3 4 4 3 5 9 6 4 1 8 2 4 1 3 178618
4 3 3 2 0 3 7 3 0 4 5 3 5 1 7 1 5 3 6 2 2 4 4 2 1 2 1 1 0 1 3 1 3 1 2 0 4 2 0 1 2 0 0 3 1 3 6 3 1 2 5 3 5 1 1 4 3 2 5 0 1 3 1 0 4 2 5 3 1 0 3 2 4 2 1 0 2 2 0 2 2 1 3 7 1 4 1 1 4 4 2 2 0 2 1 0 3 4 2 1 188655
3 2 8 1 6 4 2 2 2 4 1 5 5 1 3 4 4 4 2 3 5 2 1 2 2 0 1 2 2 5 3 3 5 4 2 2 4 1 1 3 3 2 1 0 4 4 2 3 0 3 4 2 4 0 2 4 3 0 3 1 2 2 3 2 4 2 2 2 6 2 2 2 1 0 3 0 0 2 1 2 1 5 5 1 1 3 2 2 2 5 4 6 0 0 0 0 1 0 4 1 187483
12 11 8 7 8 8 9 3 8 4 5 11 8 11 10 6 3 3 5 13 9 9 11 5 14 9 9 5 5 6 7 9 7 5 7 5 1 13 5 4 7 3 3 4 2 10 11 1 8 12 3 11 3 6 6 16 5 4 5 5 3 2 8 7 3 3 4 8 3 6 5 4 4 3 4 1 5 4 7 5 6 7 9 7 10 4 4 1 2 5 5 10 1 6 4 4 7 4 8 3 178758
11 23 21 13 15 10 3 18 10 10 9 9 11 5 11 11 6 18 6 6 9 8 11 10 12 12 7 6 7 13 8 9 3 16 11 8 7 10 5 40 10 7 6 10 13 4 13 11 3 8 7 5 7 6 6 11 8 13 1 12 7 8 10 6 14 9 9 6 3 3 4 7 8 10 9 7 11 10 7 12 11 6 6 8 8 8 9 8 10 10 5 8 3 4 4 2 3 4 9 5 167769
1 1 1 4 7 1 3 1 1 1 1 0 1 4 2 6 2 2 2 2 6 3 2 3 1 0 4 1 3 3 0 0 4 1 2 2 1 2 1 0 1 0 4 4 5 3 5 2 1 3 1 3 4 2 1 1 1 3 0 3 2 0 2 2 2 2 3 1 2 1 1 1 4 4 3 0 2 2 8 1 1 2 3 0 1 1 0 0 0 3 0 1 4 2 0 1 2 1 2 1 191299
29 12 12 19 22 20 25 23 18 16 11 11 7 15 5 5 18 10 23 14 4 8 14 9 12 17 17 15 7 12 6 12 12 9 9 14 12 5 16 16 17 3 6 13 21 8 8 12 7 11 8 12 16 17 15 14 9 6 10 10 9 8 16 8 8 12 14 6 4 7 12 4 8 14 11 10 8 12 7 6 12 27 11 9 11 7 11 5 8 8 10 19 4 4 6 10 16 12 3 5 152734
4 12 3 4 2 7 6 12 8 1 6 4 8 6 3 3 9 6 2 3 0 3 2 5 6 3 5 4 3 2 1 5 9 4 4 2 3 1 2 3 2 2 4 2 1 2 2 2 6 5 4 2 3 1 3 9 3 2 1 7 3 4 9 8 8 6 4 6 0 2 2 6 8 3 1 5 6 3 2 3 3 2 4 4 4 7 1 1 3 8 3 5 6 3 4 8 6 2 7 2 190992
14 13 10 8 5 6 6 4 12 8 5 8 3 3 1 7 3 2 9 7 12 7 1 5 8 5 5 9 6 6 4 9 3 2 6 5 6 1 4 3 4 7 1 4 2 8 2 2 6 4 6 3 1 1 6 1 2 5 4 2 3 5 7 6 3 7 5 9 6 3 3 5 1 7 4 5 4 3 0 3 3 2 2 6 5 5 2 4 8 1 5 7 1 2 6 5 5 3 3 6 180394
5 2 6 3 6 8 6 15 6 5 7 9 7 3 5 8 7 6 9 4 11 4 6 3 7 4 7 5 4 10 4 2 6 12 4 5 2 5 5 4 2 4 8 4 2 3 2 5 6 0 3 3 3 3 5 5 3 5 3 5 2 6 6 1 3 6 3 2 6 3 5 5 2 2 9 4 3 8 1 3 5 3 1 4 8 2 4 4 1 4 1 3 3 2 4 3 7 1 1 5 192351
33 46 27 19 29 15 29 28 37 28 24 30 28 19 28 26 20 10 22 21 25 21 18 29 20 25 30 25 20 18 19 41 32 23 30 16 21 38 11 14 18 14 21 15 27 9 8 17 34 27 24 13 27 19 9 8 11 7 11 7 10 11 17 16 19 13 15 12 23 5 13 14 29 19 27 21 11 14 14 7 14 19 10 19 9 10 29 5 20 10 10 8 9 12 13 16 16 10 22 8 149199
50 33 40 56 47 25 24 42 42 64 45 29 36 37 19 28 27 26 21 39 30 28 41 21 23 27 27 14 42 25 18 30 23 29 23 29 30 22 15 24 17 35 19 27 34 31 54 57 32 24 25 52 31 32 31 24 19 20 27 18 24 34 20 15 22 17 44 11 32 15 17 29 21 16 18 40 36 16 18 21 28 21 30 33 16 30 13 18 31 24 21 22 29 22 14 22 22 25 24 29 137714
18 11 13 11 9 13 13 5 15 9 12 8 7 19 14 8 33 19 8 12 6 6 23 17 3 4 14 12 17 6 6 6 12 8 27 10 4 15 4 6 7 12 9 6 16 10 7 6 12 7 8 13 14 11 3 8 5 10 12 4 6 9 9 6 9 7 11 5 3 8 10 5 6 10 21 4 11 3 4 12 10 12 11 6 1 6 1 6 13 13 12 5 6 9 14 5 8 8 8 6 165458
4 4 2 5 4 6 3 2 2 2 2 5 5 5 6 4 4 1 3 2 3 6 3 2 8 3 4 6 4 2 5 2 3 2 5 2 2 5 1 2 4 2 1 2 1 3 1 1 2 1 1 3 0 6 1 1 5 3 1 2 6 5 4 3 0 5 3 2 1 3 1 3 3 3 3 3 3 4 1 1 3 2 2 2 1 3 3 5 2 5 0 7 4 3 1 3 3 0 1 3 192993
19 12 11 6 15 17 4 14 11 3 18 22 4 12 9 12 17 8 15 12 11 11 10 11 12 15 11 8 8 14 7 15 7 8 13 18 10 7 3 4 19 10 10 9 7 7 9 8 4 10 10 15 4 10 11 9 16 10 15 12 6 5 11 5 12 9 9 5 1 6 7 9 16 6 3 4 6 8 4 9 4 7 7 6 10 11 11 6 16 13 5 10 5 15 5 13 11 7 9 2 134126
106 73 106 100 75 66 61 54 51 51 90 92 51 84 65 53 43 60 63 46 42 54 88 49 56 73 48 37 48 64 64 41 45 45 39 59 46 25 31 55 34 35 49 43 43 53 34 21 39 39 34 40 44 27 36 37 35 40 45 25 41 64 57 39 42 20 38 46 63 31 37 23 39 34 26 46 22 35 59 29 30 32 44 29 29 30 32 24 24 32 25 20 29 30 30 35 21 32 26 33 132133
5 2 2 5 3 2 11 5 6 2 10 4 8 5 4 3 0 2 6 2 4 1 4 2 3 3 6 1 1 1 3 5 3 2 2 2 8 4 0 6 2 7 2 3 4 2 0 6 8 7 4 5 2 3 0 3 6 3 1 3 2 3 2 5 3 1 3 1 3 5 4 2 6 1 1 3 2 2 2 1 3 7 4 1 2 4 1 3 1 1 3 2 3 2 2 2 0 4 7 4 189910
49 38 38 37 34 46 25 16 45 27 25 34 41 23 30 22 39 30 12 33 29 21 39 16 18 34 14 18 12 12 24 29 10 11 43 12 16 18 19 20 15 17 20 13 25 31 17 20 21 11 21 21 13 26 16 21 14 29 28 14 15 30 22 20 26 18 18 21 10 15 35 11 8 18 9 15 8 13 9 19 11 10 10 33 16 16 16 25 12 16 26 19 23 11 9 23 11 13 15 18 145574
2000 16 7 8 7 7 6 10 12 2 11 8 1 9 8 5 3 5 4 8 15 4 4 7 1 5 7 4 3 8 8 2 4 6 1 3 3 7 4 1 3 6 2 5 6 7 4 4 4 4 5 5 2 1 3 5 1 5 3 1 3 4 5 3 2 6 5 3 5 3 3 8 4 2 6 2 6 4 6 1 0 4 5 1 1 3 5 3 7 3 3 7 5 4 0 2 1 11 2 4 174185
3 7 8 0 7 3 3 3 2 15 5 6 12 1 8 6 4 2 1 6 2 11 5 4 3 5 3 7 12 1 1 2 3 7 6 5 5 4 6 1 5 1 1 3 4 6 0 0 1 3 2 2 4 4 4 3 2 4 2 4 3 4 3 2 3 6 0 3 5 3 5 0 2 3 4 3 3 1 1 0 4 5 4 5 0 4 0 6 4 1 2 1 5 3 6 1 5 2 1 3 193693
16 5 21 9 20 6 4 6 13 14 5 7 11 9 17 7 6 6 3 8 5 8 7 10 10 11 14 12 12 9 12 8 7 11 9 9 10 4 10 6 9 2 12 4 5 4 11 4 10 7 8 3 11 3 2 9 4 17 4 10 3 8 3 7 10 9 7 8 15 3 9 3 5 11 5 10 10 15 6 4 4 8 10 9 3 7 4 13 4 6 3 5 15 5 4 5 12 8 6 8 162049
9 4 5 10 5 2 4 5 6 6 5 7 12 3 6 3 2 6 3 5 3 5 6 4 7 3 4 5 6 5 0 1 9 3 3 3 4 1 2 3 2 5 1 2 3 3 2 5 4 3 4 3 8 7 2 4 6 8 8 2 4 3 2 5 3 3 4 1 5 1 4 4 2 2 3 4 0 2 5 4 3 2 1 4 2 4 4 4 4 3 1 3 3 2 3 1 2 3 5 5 184499
2 2 3 5 6 3 4 2 4 10 2 2 0 2 3 2 4 2 5 5 9 0 3 3 1 1 2 3 5 2 0 4 4 0 1 2 4 5 0 5 2 4 1 5 3 3 8 3 1 7 1 4 0 3 3 1 1 3 0 1 0 3 1 3 3 4 2 3 2 3 0 3 2 6 1 1 1 1 2 1 4 3 1 2 0 1 3 0 3 2 3 2 1 1 0 0 1 4 2 5 194621
13 12 25 11 15 3 10 4 12 11 4 10 13 11 13 18 10 9 8 7 4 13 8 7 5 5 12 6 6 9 6 7 9 5 7 3 9 5 11 10 6 8 9 9 11 4 4 5 4 6 10 16 11 13 5 5 1 2 5 4 6 1 5 5 5 4 3 3 17 5 7 4 9 1 8 15 7 11 11 2 3 7 3 12 8 10 7 3 4 4 3 5 4 2 7 5 8 3 5 14 172499
15 11 4 10 7 4 10 11 3 10 5 5 4 7 5 7 4 2 6 6 5 6 1 4 6 3 4 8 3 4 0 4 2 4 6 4 4 4 6 3 7 2 4 5 5 3 4 3 2 4 3 9 5 2 0 1 6 3 2 2 2 0 7 2 6 6 3 0 6 1 4 4 4 0 8 1 8 3 5 4 3 7 3 2 4 5 2 3 3 3 5 4 2 2 2 4 7 2 1 6 169191
18 9 3 3 20 8 21 13 18 10 9 6 6 11 10 10 12 4 1 9 7 7 6 14 11 7 12 5 9 4 3 4 6 9 5 8 9 6 15 9 12 5 5 6 4 12 4 7 5 4 10 8 5 8 7 4 5 9 7 6 16 2 6 3 2 5 5 13 3 2 3 7 4 9 2 12 3 2 1 7 9 3 4 4 1 5 4 4 8 6 6 5 4 5 5 1 7 8 7 3 174861
2 2 5 4 4 3 4 4 4 6 1 3 2 5 1 5 2 5 4 12 2 2 2 4 1 3 4 3 0 5 4 4 5 0 4 1 1 3 3 4 4 3 3 5 2 2 5 1 2 9 4 2 2 4 4 4 7 7 2 6 2 0 2 3 2 2 2 5 2 3 2 1 4 1 2 5 2 0 0 0 4 4 1 4 2 3 4 0 2 1 2 3 2 0 4 4 2 3 1 5 186439
4 2 7 5 3 4 5 10 5 2 7 7 6 5 3 4 5 3 2 2 4 1 6 1 1 5 2 5 4 4 6 1 5 6 2 3 2 4 6 4 5 2 3 3 7 2 3 8 8 2 11 4 4 3 6 3 3 4 4 1 6 3 4 6 1 3 3 7 3 4 2 7 5 5 3 2 0 3 3 4 1 3 3 4 5 1 4 3 5 6 1 4 2 3 5 2 3 3 3 2 192057
16 15 8 5 4 5 3 6 3 1 5 6 5 1 8 7 12 6 2 7 2 6 7 3 3 5 3 0 3 2 3 5 3 3 2 3 4 2 1 5 3 2 3 4 4 1 3 1 4 0 7 1 2 1 7 1 1 5 6 6 3 1 7 5 1 1 1 7 4 1 2 2 3 0 3 8 5 5 3 5 2 4 1 3 2 4 0 2 4 2 2 0 3 4 3 1 3 1 11 1 183803
63 77 55 63 50 48 50 48 62 30 49 55 56 49 69 55 37 50 50 40 31 30 43 63 58 49 30 30 28 36 40 45 50 36 41 48 37 26 40 64 62 39 43 40 31 41 41 35 50 41 31 54 28 51 22 36 32 45 38 59 17 32 51 31 17 39 31 25 56 40 39 32 46 80 36 47 53 31 16 11 50 27 54 64 32 22 47 29 12 32 33 47 39 35 17 10 40 38 20 25 68809
8 7 10 6 8 7 7 7 8 8 10 10 5 5 2 8 4 2 2 6 8 2 8 5 8 12 7 6 4 1 0 6 3 4 7 12 3 4 2 3 0 5 8 1 8 5 7 3 4 4 10 6 1 5 2 5 1 1 2 14 6 3 14 14 5 8 7 7 2 3 3 3 7 8 5 5 11 4 8 6 3 10 1 8 7 3 2 5 3 2 6 2 1 4 5 8 4 5 6 3 179666
9 14 13 7 7 6 6 5 8 3 7 4 4 16 12 12 3 1 9 2 8 3 6 9 7 8 7 4 6 8 6 10 4 6 1 4 10 8 8 2 4 2 5 8 8 4 3 11 5 4 2 4 4 5 2 19 4 4 8 4 4 8 4 9 8 7 5 7 7 6 10 7 7 9 7 4 5 1 6 3 6 10 6 1 3 5 5 8 6 9 1 4 5 5 5 5 8 2 8 5 181779
7 8 4 2 2 6 4 2 3 4 8 1 3 3 7 0 3 0 5 4 7 6 4 3 3 1 5 9 5 1 2 6 5 5 3 1 5 2 2 3 4 5 4 1 6 2 3 2 4 1 2 2 1 7 3 1 2 2 1 3 1 0 2 8 5 4 1 1 2 3 2 1 0 2 3 3 3 1 1 3 0 1 4 2 2 3 1 4 4 4 3 3 2 2 2 3 3 2 1 2 186484
25 12 7 4 10 11 10 15 7 7 6 3 4 5 3 7 10 6 12 15 11 7 5 7 7 9 6 4 3 18 7 9 9 7 10 13 8 7 7 13 8 6 6 16 12 10 13 8 4 1 14 2 6 10 9 4 2 8 6 4 5 8 0 6 7 9 6 9 12 7 2 11 7 7 3 8 2 2 5 6 4 6 3 5 2 5 14 3 2 7 12 8 6 5 11 12 4 2 5 10 175558
4 11 12 6 5 8 8 10 6 7 8 13 5 4 5 13 7 10 6 9 9 10 7 5 6 2 3 4 2 2 7 3 9 4 6 5 7 11 14 14 2 6 11 5 9 4 5 7 8 6 7 7 7 4 5 7 7 7 7 4 6 6 7 8 5 3 5 4 5 7 6 7 4 9 5 0 8 3 5 5 3 7 7 4 5 12 12 5 5 8 5 5 3 9 1 5 5 12 4 4 163811
141 11 16 14 14 14 15 20 9 20 8 10 9 9 13 8 13 8 14 5 10 13 9 10 14 11 10 6 12 5 5 9 20 11 14 11 11 6 9 6 11 13 9 6 7 10 9 7 11 5 8 7 5 5 3 15 7 6 11 4 1 14 16 7 13 12 3 10 11 10 4 5 7 4 6 11 5 2 5 6 5 6 13 12 9 10 9 9 9 3 24 8 9 13 5 4 11 1 3 5 171844
6 6 12 5 7 5 5 6 9 4 11 3 7 5 2 6 2 4 4 4 5 1 3 6 2 9 6 6 2 6 3 4 3 6 4 9 3 9 4 6 11 5 5 11 7 2 1 3 7 4 2 4 5 8 4 5 5 4 1 8 13 3 4 4 5 5 3 2 7 7 6 13 3 3 4 2 3 5 0 5 9 11 9 2 3 7 1 4 1 4 10 2 5 2 4 1 7 3 3 3 179167
44 53 60 55 54 46 32 24 37 28 32 46 45 41 26 29 33 51 37 30 38 32 35 41 27 47 44 43 26 30 30 25 27 32 27 40 61 29 28 19 42 27 25 44 16 13 33 34 28 25 24 18 19 23 27 23 41 19 11 26 44 35 13 19 17 14 25 32 18 30 28 26 17 34 23 14 17 31 46 29 30 15 17 12 26 25 27 17 35 21 19 20 24 33 15 19 34 21 29 34 132430
8 8 5 6 2 5 5 5 2 3 5 4 6 4 6 5 8 4 2 0 9 7 1 2 3 2 2 7 7 3 6 5 4 1 2 3 3 1 0 2 0 4 2 3 2 4 2 7 3 6 6 1 2 3 4 4 0 0 1 3 2 2 3 2 4 5 0 2 2 6 6 1 2 3 3 2 3 5 0 0 3 2 4 6 6 4 3 4 2 3 4 3 8 0 8 1 2 2 6 6 189152
8 7 6 7 7 6 3 8 3 7 5 7 7 6 6 3 5 8 4 3 7 6 4 4 15 5 7 6 4 9 3 3 9 3 2 5 2 3 4 7 9 2 5 5 8 3 9 3 3 7 3 10 4 4 3 2 5 4 4 4 5 7 2 3 2 3 6 6 1 3 7 3 2 5 5 7 7 1 6 4 4 6 2 2 5 8 6 1 7 5 4 8 3 7 2 6 3 3 1 11 179745
8 14 16 8 11 10 9 7 5 8 4 7 19 6 9 15 6 12 3 9 17 8 4 3 7 8 8 6 10 5 8 9 6 16 10 10 6 8 4 3 9 3 2 2 7 5 6 8 3 2 12 5 4 2 5 6 6 6 3 10 6 2 7 8 10 10 10 10 10 6 5 1 7 3 5 4 4 4 9 3 3 5 9 4 2 5 3 3 3 1 2 8 4 1 3 1 12 11 7 9 176922
11 9 7 7 6 14 11 3 3 7 8 6 9 12 11 4 10 2 4 9 3 3 6 9 5 6 5 8 10 4 3 1 14 3 3 4 4 8 5 5 9 4 7 6 3 1 5 5 5 12 4 1 2 12 6 2 9 7 8 2 7 2 5 12 8 3 8 9 7 2 6 3 5 4 3 6 9 5 1 5 1 10 6 3 10 4 6 10 6 8 7 3 8 4 8 6 4 3 8 6 161998
2 5 3 6 5 2 4 2 4 3 3 4 3 4 5 7 2 5 7 5 1 5 6 0 4 7 2 2 10 1 5 1 2 2 2 1 6 2 3 3 4 1 3 1 1 3 4 3 2 4 2 2 5 0 1 6 5 2 1 5 0 2 2 3 0 3 1 4 1 1 1 1 1 1 5 3 3 1 1 0 3 4 3 1 2 4 1 1 3 2 2 6 2 2 3 5 3 2 7 1 188185
1135 1095 11 9 7 9 9 5 21 9 14 8 9 6 8 5 2 4 5 3 5 17 3 8 6 7 6 13 7 6 8 4 2 9 7 1 3 2 4 4 10 7 5 5 2 2 2 8 7 9 3 2 2 7 3 4 9 4 0 4 4 3 3 2 9 5 5 4 4 4 3 7 2 5 5 3 4 1 2 4 1 3 3 2 8 6 2 5 6 4 3 11 6 2 4 3 8 2 10 5 183111
2 7 3 7 4 6 9 2 5 1 2 4 2 8 3 3 5 7 0 4 6 6 5 4 2 4 7 4 8 3 6 4 5 2 4 5 6 5 7 6 1 3 1 2 4 2 1 5 3 5 2 6 2 2 4 3 2 10 3 4 2 1 2 1 2 6 1 2 2 2 2 2 2 6 3 3 3 4 5 5 3 3 3 4 2 4 4 3 1 2 3 4 1 1 1 4 2 4 1 0 175569
7 10 6 12 8 7 10 7 6 10 7 16 12 5 9 12 6 8 20 11 9 8 10 7 5 15 1 4 4 4 10 7 6 5 5 16 12 7 6 4 7 6 10 9 5 6 7 10 5 5 7 5 6 4 8 8 7 2 5 12 1 11 6 6 5 7 5 5 5 3 5 9 9 5 5 12 1 15 6 10 6 7 12 2 3 6 4 17 7 3 5 3 5 9 5 3 3 6 9 8 167241
2 8 8 4 2 2 2 2 3 4 2 4 2 1 3 3 12 1 3 3 1 3 3 3 4 4 1 1 1 6 1 2 2 2 3 2 3 1 3 5 8 0 1 2 4 2 3 5 1 4 3 1 1 1 5 1 1 2 3 2 4 2 3 3 2 3 0 0 4 0 4 1 1 3 3 2 0 0 4 2 1 2 6 1 1 0 2 0 1 1 4 1 1 2 1 3 3 1 5 1 191846
10 3 14 10 5 8 9 8 4 6 4 5 4 8 5 5 5 1 7 7 3 8 11 6 2 4 5 6 1 8 5 6 7 7 4 12 5 1 4 5 2 2 2 1 2 3 10 10 4 3 5 4 2 0 4 6 8 5 5 6 9 4 12 5 9 6 8 4 4 3 6 6 3 1 1 3 3 9 5 3 2 2 3 2 1 1 5 6 6 2 7 4 1 5 3 6 4 2 5 4 180109
5 4 12 9 4 10 8 5 4 6 7 5 4 5 3 4 4 4 4 3 4 4 6 6 3 9 12 4 7 5 6 7 6 3 1 3 3 4 4 4 7 6 3 8 2 5 5 3 6 2 3 7 7 1 8 1 1 8 4 1 3 1 2 2 3 1 2 2 5 2 4 4 4 2 0 6 2 5 3 4 5 3 8 5 1 2 2 4 2 4 4 2 7 3 6 1 3 3 3 1 175075
4 2 5 9 4 4 4 4 3 1 5 5 1 7 5 8 8 5 7 4 8 4 8 3 8 7 5 9 2 5 7 3 6 5 1 8 10 6 0 4 7 3 3 5 4 4 3 9 7 3 5 5 0 2 6 3 3 6 4 1 1 4 5 3 6 4 4 9 2 5 1 2 0 3 0 1 1 6 4 4 7 5 8 3 3 6 6 3 4 3 2 5 5 4 3 3 2 4 2 0 180373
76 32 32 29 53 22 33 32 22 16 17 13 21 21 48 25 27 14 25 33 23 18 13 14 27 14 24 18 13 16 16 19 17 19 12 14 12 21 24 28 9 22 11 13 15 19 25 16 11 27 11 27 10 12 13 16 13 17 11 22 13 18 17 16 7 14 8 16 9 10 21 21 11 14 10 6 8 15 11 15 10 13 13 26 13 18 13 16 11 9 16 25 13 8 7 9 10 10 14 11 153655
44 25 26 42 48 28 22 27 30 32 49 24 24 16 22 35 26 19 21 24 25 32 27 19 25 21 18 29 26 25 11 19 16 28 18 22 16 34 19 10 17 12 13 9 10 12 27 16 19 25 15 14 15 15 25 16 22 9 13 18 7 13 24 24 12 18 16 17 15 29 18 15 19 16 16 20 11 32 12 10 15 14 10 14 14 14 16 12 25 22 27 12 10 6 8 13 11 11 14 28 155039
8 5 5 5 8 2 2 2 5 9 5 7 7 2 7 5 5 3 2 2 3 4 3 4 4 3 0 0 6 3 2 4 5 4 2 4 1 4 0 1 3 3 3 3 4 3 3 1 1 8 3 3 1 1 1 5 1 3 4 2 4 5 2 4 2 2 5 2 4 2 8 1 2 2 3 3 2 4 4 2 3 2 0 3 2 1 3 2 0 1 5 1 2 2 0 4 5 3 0 6 187778
62 43 65 60 57 40 44 38 46 48 40 52 51 37 38 45 33 46 35 41 46 32 32 28 46 40 40 30 40 37 42 18 29 34 42 38 33 27 51 34 36 25 37 40 26 29 25 25 24 23 25 47 30 29 30 13 28 21 37 22 44 35 36 48 39 40 11 11 25 37 35 33 30 21 36 40 35 33 24 18 18 22 21 32 25 49 29 37 38 26 32 30 30 36 14 30 25 26 34 46 68961
11 7 7 14 14 9 9 9 5 8 6 8 6 3 5 8 4 10 4 7 7 0 10 4 9 0 6 9 6 7 10 3 5 7 3 5 4 16 0 5 9 15 5 5 4 5 6 5 8 5 3 3 8 12 5 8 2 8 8 3 4 6 3 8 7 10 4 4 4 3 2 11 8 9 9 7 2 4 3 16 4 6 13 5 1 2 5 2 4 15 2 13 5 3 2 4 8 3 3 0 168844
2 0 1 5 2 3 9 5 5 2 2 2 3 1 2 4 3 1 1 4 4 2 1 5 5 0 1 0 4 1 3 3 2 3 1 0 1 2 0 0 2 2 6 1 5 2 0 1 3 4 4 0 1 7 4 1 1 3 3 1 2 0 2 2 1 2 4 1 5 6 0 1 3 1 3 1 0 1 1 1 3 1 1 0 3 1 2 2 2 0 0 3 1 3 2 2 2 1 1 1 180677
17 8 26 11 10 11 12 9 9 8 8 6 8 7 10 6 16 10 10 5 9 4 6 9 10 9 5 4 7 7 14 13 9 8 1 7 12 6 8 4 5 8 7 6 11 8 14 14 8 20 3 4 8 11 13 5 17 10 8 7 14 18 5 6 6 12 14 9 11 4 11 2 6 10 4 11 13 17 4 10 8 4 9 18 11 8 9 4 9 7 7 11 7 11 6 3 10 15 7 9 152839
53 68 52 48 43 19 42 27 47 33 43 22 33 44 30 61 28 43 27 27 25 33 29 56 42 38 23 23 69 25 17 23 33 12 40 23 43 31 36 56 42 33 18 36 20 31 41 14 33 21 19 15 31 18 25 47 22 67 43 26 26 20 8 24 35 20 43 14 12 37 18 11 36 21 18 11 24 21 15 21 43 32 17 18 12 49 36 45 41 7 55 12 11 13 20 43 13 54 11 21 153967
2000 308 305 171 170 24 22 6 9 26 33 9 10 7 6 3 9 13 9 4 4 6 9 7 7 7 2 9 9 3 5 6 10 8 23 7 10 8 6 4 4 3 8 2 5 4 3 5 6 6 10 0 5 11 9 3 4 3 4 2 5 6 8 12 3 2 6 21 5 10 5 3 1 2 2 7 2 6 5 13 6 4 1 3 4 3 3 2 4 12 6 3 4 4 3 7 4 3 9 6 187008
224 18 26 15 17 9 19 11 14 4 13 24 7 12 25 13 13 10 4 8 6 13 24 12 8 14 15 7 7 4 8 5 9 7 6 13 14 10 6 10 12 7 8 6 6 12 5 7 16 9 2 5 6 8 21 7 2 9 8 10 14 12 7 8 8 8 3 3 11 11 6 14 10 11 9 12 2 7 18 11 9 5 2 14 12 11 6 9 3 2 12 5 9 9 6 9 5 5 7 9 149625
10 25 13 11 10 11 7 6 16 9 14 14 10 17 12 9 3 9 11 13 26 7 12 14 7 10 6 5 14 4 7 12 7 15 9 12 16 11 6 28 6 5 5 7 3 6 9 15 2 15 5 7 5 7 9 11 7 16 8 5 7 11 11 4 5 9 8 10 9 2 6 1 5 4 4 4 4 6 4 15 2 5 9 6 7 4 8 9 3 8 4 2 9 6 2 8 9 4 4 13 157286
13 7 12 3 5 10 10 3 2 9 5 6 5 6 5 7 8 10 7 5 4 4 6 12 7 5 1 10 5 4 3 5 4 3 6 9 3 1 0 0 6 4 2 6 16 8 8 1 3 8 4 7 3 2 1 4 3 3 5 3 6 2 2 3 0 6 6 5 1 5 4 8 1 1 0 4 3 2 4 2 8 5 4 3 6 6 2 3 14 7 3 2 6 2 3 5 4 0 8 3 171399
14 3 10 6 3 12 6 4 7 5 6 4 3 4 4 5 6 5 6 9 3 9 3 7 1 2 6 7 2 0 3 2 1 3 13 6 7 3 8 1 2 2 3 6 2 4 5 4 4 3 5 5 3 6 6 4 9 2 1 4 5 5 4 2 1 5 2 9 6 5 2 4 3 2 3 5 5 3 2 4 4 6 6 5 3 2 5 4 1 2 2 1 4 3 1 1 1 3 8 5 192197
6 4 3 3 3 5 4 8 2 4 4 1 4 7 5 2 2 5 3 7 0 5 3 4 7 1 8 4 0 1 0 3 3 4 4 1 9 5 3 4 3 0 1 8 5 6 4 1 3 1 4 0 0 2 2 5 4 3 3 1 3 1 4 1 2 4 1 1 0 3 1 4 6 6 1 4 1 2 4 4 2 3 4 1 1 0 2 5 1 2 0 0 3 1 0 0 5 2 3 1 193223
