1 2000 13 
57 161032
26 169539
79 154444
14 155013
2 180193
5 186849
17 151442
56 61754
2 192881
401 179864
6 189386
22 170827
30 169396
3 170836
5 186624
116 51662
4 182968
713 180166
48 180541
5 190073
1872 145523
8 191408
18 161444
12 188304
14 185054
9 179206
20 167883
15 176676
5 187054
10 175382
14 185321
707 185524
17 177746
18 182777
2000 176896
25 179828
19 178618
4 188655
3 187483
12 178758
11 167769
1 191299
29 152734
4 190992
14 180394
5 192351
33 149199
50 137714
18 165458
4 192993
19 134126
106 132133
5 189910
49 145574
2000 174185
3 193693
16 162049
9 184499
2 194621
13 172499
15 169191
18 174861
2 186439
4 192057
16 183803
63 68809
8 179666
9 181779
7 186484
25 175558
4 163811
141 171844
6 179167
44 132430
8 189152
8 179745
8 176922
11 161998
2 188185
1135 183111
2 175569
7 167241
2 191846
10 180109
5 175075
4 180373
76 153655
44 155039
8 187778
62 68961
11 168844
2 180677
17 152839
53 153967
2000 187008
224 149625
10 157286
13 171399
14 192197
6 193223
