10 2000 13 
57 22 22 20 20 39 14 13 12 11 161032
26 17 18 11 13 21 12 8 10 15 169539
79 84 58 39 59 32 51 45 28 28 154444
14 17 19 14 17 14 12 17 19 8 155013
2 7 2 3 2 12 7 4 4 5 180193
5 7 6 3 3 3 2 2 1 7 186849
17 14 39 19 20 14 34 26 22 15 151442
56 45 32 46 35 36 39 36 32 29 61754
2 0 5 3 5 4 1 0 2 4 192881
399 400 400 399 400 399 401 11 16 15 179864
6 5 3 1 4 8 7 2 4 2 189386
22 22 20 16 21 19 17 11 14 15 170827
30 30 21 17 29 13 15 21 12 14 169396
3 6 4 2 5 2 3 0 3 5 170836
5 1 1 3 1 4 4 6 5 4 186624
116 101 125 112 104 109 71 74 73 57 51662
4 6 2 2 3 1 5 2 2 3 182968
713 10 8 6 7 8 7 6 11 4 180166
48 28 14 17 23 10 18 15 14 15 180541
5 9 3 4 2 3 2 1 3 8 190073
1877 1863 1873 1855 1872 1863 1875 1860 1875 1874 145523
8 9 4 12 4 10 14 6 11 6 191408
18 7 12 9 10 16 5 12 22 8 161444
12 9 17 4 14 6 17 3 15 7 188304
14 14 9 7 3 3 9 14 2 1 185054
9 7 3 4 4 5 3 4 1 0 179206
20 9 11 10 12 10 22 9 21 7 167883
15 12 8 8 18 6 12 15 9 7 176676
5 6 7 5 3 5 3 11 6 6 187054
10 6 7 5 5 11 11 6 14 2 175382
14 7 7 4 4 10 4 5 5 3 185321
707 22 6 5 4 1 8 2 3 6 185524
17 17 14 10 13 7 4 12 19 7 177746
18 17 19 10 25 14 15 8 13 9 182777
2000 13 12 13 14 13 11 10 10 9 176896
25 27 13 13 9 7 9 7 10 7 179828
19 15 8 9 7 9 12 6 12 5 178618
4 3 3 2 0 3 7 3 0 4 188655
3 2 8 1 6 4 2 2 2 4 187483
12 11 8 7 8 8 9 3 8 4 178758
11 23 21 13 15 10 3 18 10 10 167769
1 1 1 4 7 1 3 1 1 1 191299
29 12 12 19 22 20 25 23 18 16 152734
4 12 3 4 2 7 6 12 8 1 190992
14 13 10 8 5 6 6 4 12 8 180394
5 2 6 3 6 8 6 15 6 5 192351
33 46 27 19 29 15 29 28 37 28 149199
50 33 40 56 47 25 24 42 42 64 137714
18 11 13 11 9 13 13 5 15 9 165458
4 4 2 5 4 6 3 2 2 2 192993
19 12 11 6 15 17 4 14 11 3 134126
106 73 106 100 75 66 61 54 51 51 132133
5 2 2 5 3 2 11 5 6 2 189910
49 38 38 37 34 46 25 16 45 27 145574
2000 16 7 8 7 7 6 10 12 2 174185
3 7 8 0 7 3 3 3 2 15 193693
16 5 21 9 20 6 4 6 13 14 162049
9 4 5 10 5 2 4 5 6 6 184499
2 2 3 5 6 3 4 2 4 10 194621
13 12 25 11 15 3 10 4 12 11 172499
15 11 4 10 7 4 10 11 3 10 169191
18 9 3 3 20 8 21 13 18 10 174861
2 2 5 4 4 3 4 4 4 6 186439
4 2 7 5 3 4 5 10 5 2 192057
15 16 8 5 4 5 3 6 3 1 183803
63 77 55 63 50 48 50 48 62 30 68809
8 7 10 6 8 7 7 7 8 8 179666
9 14 13 7 7 6 6 5 8 3 181779
7 8 4 2 2 6 4 2 3 4 186484
25 12 7 4 10 11 10 15 7 7 175558
4 11 12 6 5 8 8 10 6 7 163811
141 11 16 14 14 14 15 20 9 20 171844
6 6 12 5 7 5 5 6 9 4 179167
44 53 60 55 54 46 32 24 37 28 132430
8 8 5 6 2 5 5 5 2 3 189152
8 7 6 7 7 6 3 8 3 7 179745
8 14 16 8 11 10 9 7 5 8 176922
11 9 7 7 6 14 11 3 3 7 161998
2 5 3 6 5 2 4 2 4 3 188185
1135 1095 11 9 7 9 9 5 21 9 183111
2 7 3 7 4 6 9 2 5 1 175569
7 10 6 12 8 7 10 7 6 10 167241
2 8 8 4 2 2 2 2 3 4 191846
10 3 14 10 5 8 9 8 4 6 180109
5 4 12 9 4 10 8 5 4 6 175075
4 2 5 9 4 4 4 4 3 1 180373
76 32 32 29 53 22 33 32 22 16 153655
44 25 26 42 48 28 22 27 30 32 155039
8 5 5 5 8 2 2 2 5 9 187778
62 43 65 60 57 40 44 38 46 48 68961
11 7 7 14 14 9 9 9 5 8 168844
2 0 1 5 2 3 9 5 5 2 180677
17 8 26 11 10 11 12 9 9 8 152839
53 68 52 48 43 19 42 27 47 33 153967
2000 308 305 171 170 24 22 6 9 26 187008
224 18 26 15 17 9 19 11 14 4 149625
10 25 13 11 10 11 7 6 16 9 157286
13 7 12 3 5 10 10 3 2 9 171399
14 3 10 6 3 12 6 4 7 5 192197
6 4 3 3 3 5 4 8 2 4 193223
