1 750 7 
85 76849
52 91582
206 70852
54 93926
89 88108
73 84046
39 95179
170 73660
63 90861
59 90381
99 87404
46 92226
57 85711
750 88989
54 91142
65 88705
56 91237
83 86605
44 91514
75 86473
66 89970
58 92388
99 94016
94 85047
38 93386
99 94062
61 87033
46 92962
111 88384
69 84522
74 88790
37 96757
83 80965
178 89490
52 87960
62 88250
79 90466
50 93215
43 94682
101 81214
81 88292
39 95469
56 93582
172 64825
100 82386
38 95491
64 88293
67 90673
111 84120
47 93858
104 79265
125 90932
56 89191
116 90825
147 77972
132 71167
44 93024
70 88191
69 91968
66 83417
47 94868
43 94990
67 83801
70 92518
587 61302
54 93287
59 91070
87 95702
62 94799
750 85875
49 94060
52 90420
62 82248
104 89026
63 90548
72 86879
175 86594
53 91951
115 90303
46 93923
75 92030
103 77824
47 95683
153 89450
35 94234
51 93082
72 82761
99 86461
58 94394
73 83107
51 87957
119 83908
43 90448
73 89294
51 93709
132 76235
105 89944
69 93136
43 95660
89 92462
43 95341
79 80851
128 86064
72 90396
100 81627
68 87104
635 90430
614 78944
120 91897
92 81756
91 81235
86 86574
99 76532
74 94575
92 91796
66 89792
78 87909
45 87680
67 89126
605 89390
94 88222
38 93320
136 75014
67 90711
147 87513
65 92136
75 84551
51 88486
87 91654
38 95915
48 92372
105 71980
34 95665
80 82993
750 87286
51 92022
93 83145
64 87696
101 89271
81 89799
121 90069
52 96253
116 84099
62 93259
43 93924
47 92206
66 92304
335 71277
90 85707
61 94097
67 87841
60 89251
128 84039
45 93768
120 77073
60 91091
121 89685
60 90347
56 85844
119 88004
66 90498
52 92409
64 83936
55 83740
129 84989
53 92952
48 88929
76 88345
102 83891
43 93320
116 88117
70 89701
103 76308
56 93131
84 89408
61 84172
90 86955
85 80393
57 94112
61 87430
57 94300
97 90923
31 96172
53 94902
67 88322
67 92341
48 95044
46 94550
62 85557
45 90856
106 81584
38 93863
64 86134
401 80638
97 73410
62 93648
109 77527
133 91024
41 94248
101 83114
84 79444
64 85164
98 74531
61 90954
95 88515
144 85904
57 93319
72 92408
48 90840
68 87789
74 88629
31 96608
45 95564
63 89095
126 74792
38 91705
37 94826
40 93679
74 79812
102 84512
41 96231
108 91937
62 89139
78 86241
113 85418
142 73430
195 85161
46 94520
104 87153
45 94698
124 77676
55 89495
42 92557
52 90279
58 83546
229 82157
115 76941
74 87966
60 90549
104 91642
81 80079
34 95560
80 89974
58 92169
139 79375
233 80743
78 82654
86 90832
122 73064
137 87628
90 79591
88 92252
118 88130
54 96506
130 84628
75 93861
105 76086
74 90202
88 80362
107 72834
99 85279
290 95000
144 79190
221 83196
75 89221
128 82504
72 89532
208 87229
32 95498
77 83643
50 94432
75 85563
117 73168
49 94704
61 82436
45 94268
34 96644
199 80573
58 90656
50 94362
721 53517
50 89877
57 90176
125 73504
152 86140
114 90236
146 90280
55 92290
124 89042
54 93071
173 84874
43 89228
52 95634
75 79845
132 90906
84 86046
56 93405
102 90489
66 92217
70 78629
41 95316
64 89992
38 94685
168 84556
65 91162
94 81264
129 79884
62 87987
98 75688
106 89845
66 94211
36 95906
69 92218
80 89701
43 96037
38 94100
228 91490
55 88758
74 90509
75 93852
53 91932
81 84240
113 77474
90 84691
44 96350
183 65725
70 93713
112 87466
44 93216
51 90373
72 85482
52 89829
128 72711
43 95749
100 92181
233 67327
136 82511
122 86669
66 93019
87 77090
61 83925
47 94270
39 94932
417 83046
39 95725
67 93202
63 92209
98 77063
59 85784
67 91079
136 91579
121 92850
96 77144
130 88518
97 82703
96 82578
59 85528
51 92795
34 96112
42 92223
47 95448
57 92813
50 92986
188 70005
42 93841
58 87876
52 90377
104 82768
35 95949
61 87067
61 88275
30 96357
109 82885
46 94489
65 82288
59 88539
70 84982
95 81354
86 89492
750 82563
122 74922
136 82622
81 94109
102 88111
49 90894
150 80092
120 89467
109 81597
206 66995
55 90109
83 89542
69 91756
53 94686
120 74179
55 93353
31 96751
58 89440
134 77189
304 82686
50 90179
82 87723
41 89598
42 94715
35 96194
113 71822
157 85333
42 92273
62 90181
40 93353
94 83044
101 83866
64 91724
42 93606
82 92967
36 94578
171 87875
60 91036
50 95214
42 90728
45 94266
101 79407
100 93473
60 91078
92 84502
750 94644
52 93291
50 91857
40 95316
146 86091
115 86961
43 95924
82 90946
113 80503
109 75534
58 89346
121 78961
161 68524
115 82963
76 89984
89 83717
62 86305
51 94635
80 91673
123 74740
129 94471
52 93948
51 93164
81 85318
381 84624
68 88638
39 90456
72 90038
53 87980
82 77766
122 77791
78 94342
130 89116
95 85260
132 91126
79 94236
83 87445
56 88204
45 94318
92 88676
62 92709
75 87510
62 87727
128 83781
81 85034
58 94335
49 91411
88 78293
101 86822
41 93530
43 91632
80 88893
92 87937
95 76016
55 93854
67 90672
59 91208
48 92015
103 86540
92 90929
122 71716
63 91277
117 93089
67 90291
750 85576
101 79205
130 87512
61 89198
148 88523
51 91333
114 79872
50 95050
76 91168
129 88517
115 85193
54 86287
88 89239
69 93669
109 95507
49 90903
54 92064
112 88419
96 77075
103 83488
73 86430
78 94713
179 90099
50 91663
46 93485
75 88814
37 90644
51 85266
65 93819
51 93536
73 87555
66 90890
47 93716
85 82322
91 89094
67 90909
160 86426
53 92989
106 90003
155 83536
40 95241
107 78420
142 86990
439 91477
90 90193
78 84117
86 86646
169 93010
119 89864
49 92031
62 94445
43 93003
65 95216
127 72082
81 86675
57 91851
150 78525
216 87533
62 94800
162 86925
130 81955
94 79003
188 84662
43 92086
67 88029
169 80576
54 86599
52 92705
48 94823
288 75109
57 95195
109 72527
59 91324
215 66885
80 89562
129 71614
39 91713
83 90030
54 95345
44 90722
137 86483
75 92995
101 71832
209 85501
30 96415
41 95929
82 91662
81 91342
69 90785
59 87816
86 85689
63 89487
70 90262
98 90726
97 95593
549 75847
55 91428
52 92367
79 90269
108 85470
38 96274
149 78019
74 93128
63 89721
30 92698
63 89849
51 89378
76 80665
165 78814
129 84039
37 95681
59 90552
33 96379
81 85505
49 92860
45 96284
84 82143
50 90358
36 95789
77 84418
58 91748
63 90440
61 89869
49 90397
83 85448
52 87272
42 94196
118 66616
58 90591
61 91979
67 90864
115 83832
105 86195
102 76135
65 95361
96 78820
132 78168
82 89989
35 96299
65 87634
94 86188
33 95430
42 92158
52 92413
55 93174
55 88527
56 87548
61 85945
63 84582
94 90366
204 65863
132 74512
56 92523
35 93569
96 79083
123 85488
81 81367
64 87450
94 77181
70 92379
71 93404
72 78090
63 93385
108 82530
69 84007
42 92402
79 89308
100 92704
54 91701
92 88605
81 91257
55 91559
61 87551
63 94520
72 83398
450 87047
45 95012
43 90585
190 85603
114 84640
273 83830
75 90686
71 88670
55 86272
149 84816
95 80134
57 87176
106 91466
196 65064
112 91786
91 84528
112 85734
119 83280
207 86569
750 82358
344 93420
79 89365
75 89075
84 92408
151 84095
73 92257
157 68669
58 91263
47 91435
43 94566
384 92129
53 91232
44 94331
80 79928
189 87341
83 88851
58 94003
57 94001
100 75136
35 94856
54 91800
48 94118
67 87883
46 95007
40 92198
88 92525
63 89095
119 89755
39 94816
206 70517
50 90871
73 87595
203 63078
74 94605
47 94822
70 83796
206 67755
52 89150
171 66657
60 86829
69 82043
55 90355
50 92486
47 96010
76 90117
750 82208
58 83998
42 90531
97 90580
55 90780
87 92030
67 88771
111 88681
47 89084
35 95230
58 89453
143 81283
32 94549
89 88688
35 93774
81 93656
56 87539
95 84840
39 93300
133 78391
78 92983
46 92112
71 83205
104 85741
50 90055
131 88331
53 90237
34 94145
71 89610
161 86774
67 89082
37 96921
69 93683
121 87972
62 94692
56 92949
81 94104
132 74306
53 92969
90 88307
49 88232
74 92771
44 93874
114 89026
80 92486
172 68239
70 86368
37 94666
122 80643
76 86357
78 89683
89 76773
41 87724
92 87942
77 91659
40 93789
280 59605
36 95399
56 89011
115 90028
40 90151
81 86418
91 87480
37 89559
85 86575
46 87304
103 83781
101 93823
148 85967
93 86028
124 91353
59 84080
55 91755
133 81190
82 88232
102 82044
106 89089
92 91024
98 95206
56 89808
43 93457
115 80001
90 76454
160 72448
62 89027
84 90372
44 93885
750 89703
34 95620
34 96124
238 80129
28 96378
107 87835
68 93420
87 87830
107 84059
42 95021
220 92810
145 87398
35 95323
102 87717
94 84105
49 88961
48 95000
32 93844
109 77805
88 88503
46 91468
61 93254
750 94047
46 92683
67 87066
117 83423
44 90709
103 90972
56 94256
142 85288
66 92251
53 85396
86 88482
83 85858
99 78933
75 84620
750 89074
61 80836
59 90726
150 89692
61 91651
52 93616
46 93687
61 93650
80 87957
287 89976
161 77203
127 87482
46 90810
295 67004
74 93223
42 95968
58 95829
59 91898
57 93462
172 95764
74 86561
181 85480
76 90646
50 93091
56 82455
94 92772
91 91815
60 93083
48 94398
87 93945
88 81420
187 84927
254 81610
66 92622
54 94252
42 94032
133 82367
102 74625
72 90845
32 95571
40 94726
43 92806
82 87082
63 85601
169 85315
142 82097
60 93413
63 84031
78 95625
53 89337
77 85783
69 83895
55 94271
56 87091
46 94509
44 93236
63 89773
43 88797
45 93466
37 94856
67 80541
77 92952
70 90161
97 86295
170 90821
184 75971
84 89595
103 78178
68 92291
105 79948
77 78957
387 95621
41 93862
251 89035
54 91935
53 93377
80 92868
64 85549
68 85959
83 83936
56 82064
76 80166
75 89908
53 88767
50 94656
42 93330
81 91349
83 81408
37 95840
117 75677
111 82190
46 93947
62 88108
74 83044
182 88750
70 92095
45 95111
81 84303
51 93029
75 83229
283 61586
52 89876
84 93758
67 83577
56 93881
30 92567
112 87413
49 87506
529 92092
750 95750
82 76673
53 91994
69 84942
37 92743
43 96015
117 72231
69 86688
100 91585
51 91683
87 89864
56 90003
42 91723
60 89475
82 87297
106 86078
51 90122
55 87280
87 87611
90 81759
49 87933
476 79134
59 85933
135 77829
35 95353
39 94219
70 88961
193 94125
54 95465
55 88397
75 86428
39 91412
62 88767
47 96161
68 86037
86 86328
49 93621
60 84688
110 85791
61 90197
