10 750 7 
85 83 82 75 74 74 74 72 72 72 76849
52 52 50 49 48 48 48 47 47 46 91582
206 187 162 155 152 151 150 150 149 149 70852
54 51 48 48 47 46 46 43 43 41 93926
89 76 76 74 73 71 70 70 70 70 88108
73 61 60 60 59 58 57 57 57 56 84046
39 39 39 38 37 37 37 36 36 35 95179
170 169 154 150 145 143 142 141 141 139 73660
63 54 53 52 52 51 51 51 51 51 90861
59 58 55 53 49 48 48 46 46 45 90381
99 97 84 82 77 76 73 72 71 71 87404
46 44 42 40 40 38 38 37 36 36 92226
57 55 55 54 53 53 52 52 50 50 85711
750 94 89 88 84 82 81 80 79 78 88989
54 53 51 50 49 49 49 48 48 48 91142
65 61 58 57 57 54 53 53 52 51 88705
56 53 53 52 51 48 48 47 45 45 91237
83 82 79 77 75 75 71 70 70 66 86605
44 35 35 35 34 33 33 33 33 32 91514
75 72 71 69 68 64 64 63 63 63 86473
66 63 61 59 56 55 54 53 53 52 89970
58 52 50 48 47 46 46 46 45 45 92388
99 76 75 73 72 69 69 69 67 65 94016
94 92 74 73 73 71 70 68 67 66 85047
38 37 35 34 33 33 32 31 31 31 93386
99 97 93 93 92 91 90 89 89 89 94062
61 59 59 57 55 53 53 52 52 51 87033
46 44 43 41 40 40 39 39 38 38 92962
111 106 105 102 99 86 85 82 82 80 88384
69 67 67 66 65 65 65 64 64 64 84522
74 65 63 62 58 58 56 56 53 53 88790
37 34 34 34 33 33 32 32 32 31 96757
83 80 77 67 63 63 61 61 60 59 80965
178 169 160 159 147 147 141 138 138 138 89490
52 51 51 51 51 49 49 49 49 48 87960
62 61 58 55 54 53 53 52 51 50 88250
79 64 61 61 59 58 57 57 56 55 90466
50 50 47 45 45 44 43 42 42 40 93215
43 43 40 38 37 36 36 35 35 35 94682
101 88 84 82 81 77 77 77 76 76 81214
81 74 73 72 70 70 66 66 65 64 88292
39 38 38 38 37 35 35 33 33 33 95469
56 48 47 47 47 45 44 43 43 42 93582
172 166 156 152 150 144 144 143 143 142 64825
100 70 67 67 67 64 63 63 62 62 82386
38 35 32 32 31 31 31 31 31 31 95491
64 59 56 56 55 52 51 51 51 51 88293
67 62 61 59 57 57 57 57 57 56 90673
111 109 106 101 100 95 95 94 94 93 84120
47 43 41 41 41 40 40 39 39 39 93858
104 87 83 80 79 79 77 75 75 75 79265
125 110 109 108 97 93 90 89 89 88 90932
56 56 53 51 50 47 47 46 46 45 89191
116 95 95 91 91 90 88 88 87 87 90825
147 144 144 140 140 139 138 137 134 134 77972
132 112 105 104 101 99 98 97 97 96 71167
44 43 41 34 34 34 33 33 32 32 93024
70 68 68 67 67 66 66 64 62 62 88191
69 61 61 57 56 54 54 50 50 49 91968
66 65 65 62 62 62 61 61 59 59 83417
47 43 43 41 41 40 39 39 39 39 94868
43 43 42 40 39 39 38 38 37 36 94990
67 62 61 59 59 58 58 58 58 58 83801
70 63 63 62 60 60 59 59 59 59 92518
587 266 264 239 233 233 230 227 225 222 61302
54 52 52 49 49 48 48 48 47 47 93287
59 56 56 54 54 53 52 52 51 51 91070
87 86 85 84 83 82 82 81 81 78 95702
62 62 59 59 58 57 57 55 55 55 94799
750 57 52 50 50 49 48 48 48 47 85875
49 47 46 45 42 41 41 39 38 37 94060
52 51 51 48 46 46 46 45 45 45 90420
62 60 59 57 56 55 54 54 53 52 82248
104 104 96 95 95 93 92 91 88 88 89026
63 60 58 56 55 53 53 52 50 49 90548
72 65 64 63 63 62 59 59 59 58 86879
175 148 145 144 141 134 134 132 131 130 86594
53 49 48 46 44 44 43 43 43 42 91951
115 108 101 100 98 97 97 95 90 90 90303
46 40 40 39 39 38 38 38 37 37 93923
75 75 62 61 60 58 57 57 55 54 92030
103 100 89 87 86 85 83 81 80 80 77824
47 43 42 41 40 39 38 38 38 37 95683
153 131 131 126 121 121 120 117 116 116 89450
35 35 34 34 33 33 33 33 33 32 94234
51 51 48 46 45 45 45 44 44 44 93082
72 70 69 67 66 65 65 63 62 62 82761
99 83 81 80 79 79 78 76 74 73 86461
58 58 55 54 54 51 48 48 47 47 94394
73 71 60 60 60 59 58 58 57 57 83107
51 45 44 42 42 42 42 42 41 41 87957
119 112 104 98 95 93 87 84 83 82 83908
43 41 41 40 40 39 39 39 38 38 90448
73 71 70 67 66 65 64 64 64 63 89294
51 47 45 45 44 43 42 42 42 41 93709
132 99 97 92 92 90 90 87 84 83 76235
105 96 95 95 94 89 88 88 88 87 89944
69 64 63 59 55 54 53 53 53 50 93136
43 42 42 41 41 40 39 39 38 38 95660
89 88 88 86 86 79 76 75 73 72 92462
43 38 38 36 35 35 34 34 34 33 95341
79 75 73 72 69 68 68 68 68 68 80851
128 108 93 90 88 84 82 82 82 82 86064
72 57 57 56 56 56 54 53 52 52 90396
100 89 88 86 84 82 81 81 80 80 81627
68 66 66 65 65 63 59 59 58 57 87104
635 108 104 102 97 93 87 86 86 85 90430
614 113 102 102 101 100 97 96 96 95 78944
120 116 114 114 112 109 106 106 103 102 91897
92 80 78 76 75 74 74 73 72 72 81756
91 89 87 87 84 82 81 78 78 78 81235
86 85 82 81 80 79 78 78 71 71 86574
99 89 86 82 81 81 78 78 77 76 76532
74 63 61 60 59 57 55 54 53 53 94575
92 38 36 36 36 35 34 33 33 33 91796
66 65 64 62 59 58 58 57 56 56 89792
78 72 66 64 59 58 58 57 54 54 87909
45 43 43 42 42 41 41 40 40 40 87680
67 57 55 54 54 54 52 51 50 50 89126
605 110 102 87 85 81 79 77 76 75 89390
94 89 89 88 85 80 79 79 77 77 88222
38 36 36 36 34 34 33 33 33 33 93320
136 133 127 125 123 121 116 115 110 108 75014
67 65 54 53 51 50 49 48 48 46 90711
147 127 117 110 106 102 98 97 97 96 87513
65 61 60 59 58 58 57 57 57 55 92136
75 68 67 67 66 66 65 65 63 63 84551
51 48 45 44 44 44 42 42 42 42 88486
87 85 84 82 77 77 77 77 76 75 91654
38 35 34 34 33 33 33 33 32 31 95915
48 47 47 46 46 45 45 45 45 44 92372
105 101 91 89 89 88 88 88 88 88 71980
34 32 32 31 31 31 30 30 30 30 95665
80 79 74 73 72 69 69 69 68 68 82993
750 47 46 43 41 40 40 40 40 39 87286
51 45 43 43 42 41 41 40 39 38 92022
93 77 77 77 74 74 73 70 69 69 83145
64 63 61 60 60 60 58 56 55 55 87696
101 97 88 77 77 74 74 69 67 65 89271
81 74 73 73 72 71 71 70 69 69 89799
121 117 116 114 106 103 102 99 98 98 90069
52 51 48 45 43 42 42 41 41 41 96253
116 106 96 93 91 91 90 88 88 86 84099
62 52 51 49 48 48 47 47 46 45 93259
43 42 41 40 40 39 38 38 37 37 93924
47 45 45 45 44 43 41 40 40 40 92206
66 58 58 54 51 51 51 50 49 49 92304
335 322 314 254 144 134 133 132 132 132 71277
90 86 80 79 79 79 78 78 77 77 85707
61 49 48 47 46 43 43 43 43 43 94097
67 66 65 64 64 62 62 60 58 58 87841
60 59 59 58 57 53 50 50 50 48 89251
128 114 109 106 101 100 99 95 94 93 84039
45 44 42 40 38 37 37 37 37 36 93768
120 119 111 110 109 104 104 102 99 98 77073
60 53 52 51 49 48 48 47 46 46 91091
121 114 112 101 100 100 99 98 97 95 89685
60 56 49 48 47 46 45 44 43 43 90347
56 51 49 48 48 48 47 47 46 46 85844
119 92 89 89 88 80 79 79 78 76 88004
66 65 61 60 60 59 59 57 52 52 90498
52 48 46 46 45 45 44 42 42 42 92409
64 61 60 60 59 59 59 59 58 58 83936
55 55 53 53 53 53 52 52 51 51 83740
129 124 120 114 112 111 109 107 106 105 84989
53 51 47 46 45 45 44 43 43 42 92952
48 47 47 46 45 45 44 43 42 42 88929
76 74 72 69 69 67 66 66 65 63 88345
102 93 84 83 82 82 75 75 72 72 83891
43 40 39 38 37 36 36 36 36 36 93320
116 113 108 103 100 99 97 96 94 93 88117
70 59 55 53 53 51 51 51 50 49 89701
103 99 90 82 80 79 78 77 77 77 76308
56 55 55 52 49 47 46 45 45 44 93131
84 84 81 74 74 73 73 71 71 69 89408
61 59 55 54 53 53 52 52 51 51 84172
90 83 79 77 75 75 74 73 73 72 86955
85 73 72 70 70 68 68 68 66 66 80393
57 51 50 46 44 42 42 41 41 41 94112
61 56 47 45 42 41 40 40 40 40 87430
57 56 49 48 48 46 45 43 42 41 94300
97 96 86 83 82 82 77 76 74 74 90923
31 31 28 28 28 27 27 27 26 26 96172
53 49 46 43 42 42 41 41 40 39 94902
67 67 64 64 61 61 59 57 55 55 88322
67 65 61 60 58 56 55 55 54 53 92341
48 45 45 44 43 43 42 42 41 41 95044
46 45 41 40 40 39 39 39 38 38 94550
62 59 58 56 55 54 53 53 51 51 85557
45 43 42 42 41 39 39 39 39 38 90856
106 102 95 94 94 89 89 88 86 83 81584
38 38 38 32 32 32 32 32 32 32 93863
64 57 54 54 53 51 51 50 50 49 86134
401 93 84 81 81 79 79 77 77 75 80638
97 97 95 95 92 92 91 91 91 91 73410
62 56 46 43 42 42 41 41 41 41 93648
109 98 95 93 93 91 90 89 88 87 77527
133 130 119 116 114 113 113 113 112 111 91024
41 39 38 37 36 35 34 34 34 33 94248
101 88 85 84 81 79 77 75 75 74 83114
84 78 77 76 74 73 73 72 72 71 79444
64 61 60 58 55 55 55 55 52 51 85164
98 94 94 93 86 85 84 84 83 83 74531
61 58 57 55 55 55 54 54 54 54 90954
95 88 69 68 68 66 65 65 64 64 88515
144 112 109 108 105 104 103 100 95 94 85904
57 48 44 44 44 43 42 42 42 41 93319
72 62 60 59 59 57 56 55 54 52 92408
48 47 44 42 41 41 41 40 40 39 90840
68 62 61 61 60 60 58 58 56 56 87789
74 72 68 68 67 67 66 66 65 65 88629
31 30 30 28 28 27 27 26 26 26 96608
45 44 43 42 42 41 41 41 40 40 95564
63 59 59 58 55 55 53 53 52 52 89095
126 115 114 113 112 111 111 110 109 107 74792
38 38 38 37 37 36 35 35 35 35 91705
37 35 33 33 33 32 32 32 31 31 94826
40 37 37 36 35 34 34 34 34 33 93679
74 72 71 70 70 69 69 69 68 67 79812
102 102 94 94 89 81 81 80 80 80 84512
41 40 38 38 37 36 36 36 36 35 96231
108 107 106 106 94 91 89 89 86 85 91937
62 54 51 51 48 48 47 46 46 45 89139
78 64 63 62 62 60 59 59 59 59 86241
113 93 92 87 80 72 70 69 69 69 85418
142 135 134 133 132 132 128 126 123 121 73430
195 192 184 180 175 160 159 158 158 156 85161
46 44 41 41 40 40 39 37 36 36 94520
104 103 102 97 94 92 92 91 89 89 87153
45 42 42 41 41 38 38 37 36 36 94698
124 112 108 106 104 103 103 99 95 93 77676
55 51 50 49 49 48 47 47 47 47 89495
42 42 40 37 37 36 35 35 34 34 92557
52 50 45 45 43 42 42 42 42 41 90279
58 57 57 56 56 56 56 56 55 55 83546
229 177 168 153 151 143 136 134 132 128 82157
115 113 110 109 107 107 107 106 102 101 76941
74 74 73 68 65 64 63 63 61 59 87966
60 54 53 51 50 49 48 48 48 47 90549
104 67 65 64 64 63 60 60 58 58 91642
81 76 71 67 67 65 65 64 63 63 80079
34 31 31 30 30 29 28 27 27 27 95560
80 76 72 71 71 71 70 68 67 65 89974
58 54 48 47 46 45 45 45 45 44 92169
139 134 126 121 116 116 110 110 109 106 79375
233 214 209 209 209 202 198 194 194 193 80743
78 76 70 68 66 65 64 64 63 63 82654
86 79 73 71 64 63 63 62 62 62 90832
122 112 109 109 107 106 104 104 104 104 73064
137 135 128 124 120 119 113 111 109 107 87628
90 80 79 79 78 77 76 75 73 73 79591
88 83 77 73 72 72 71 70 69 67 92252
118 107 104 104 98 88 87 87 87 87 88130
54 52 51 51 50 49 48 47 47 47 96506
130 105 103 101 98 97 96 94 90 86 84628
75 74 71 71 68 68 65 65 62 62 93861
105 104 103 101 98 97 96 96 95 95 76086
74 72 69 69 67 66 66 64 63 63 90202
88 84 82 78 76 76 74 74 74 72 80362
107 106 105 101 101 101 97 96 95 95 72834
99 90 90 81 80 79 77 76 76 75 85279
290 179 104 43 37 37 36 36 35 35 95000
144 136 103 100 98 97 94 92 92 91 79190
221 156 145 141 138 138 137 136 135 131 83196
75 62 62 61 60 60 59 57 57 57 89221
128 121 115 108 107 104 97 95 94 91 82504
72 64 60 58 56 53 53 52 51 51 89532
208 126 122 118 110 109 108 105 104 103 87229
32 31 30 30 30 29 29 29 28 28 95498
77 74 74 68 67 65 64 63 63 63 83643
50 46 38 38 37 37 36 36 35 35 94432
75 73 63 58 58 57 56 54 54 53 85563
117 112 108 105 104 103 103 100 99 98 73168
49 45 42 41 40 40 40 39 38 38 94704
61 61 60 60 58 56 56 54 54 54 82436
45 42 40 39 36 34 34 33 33 33 94268
34 32 32 31 31 30 30 29 29 29 96644
199 182 169 168 164 161 161 158 153 150 80573
58 52 52 52 52 51 50 49 49 49 90656
50 49 45 45 44 42 42 41 40 40 94362
721 721 721 720 719 718 717 717 716 715 53517
50 48 47 46 45 45 45 44 44 44 89877
57 55 52 52 51 50 50 49 48 48 90176
125 123 119 117 113 113 111 107 107 105 73504
152 136 135 133 129 127 117 116 114 113 86140
114 88 75 73 69 69 67 65 64 63 90236
146 133 124 105 103 103 103 103 101 99 90280
55 51 51 50 48 47 47 46 45 45 92290
124 123 120 116 111 111 106 105 103 103 89042
54 50 48 46 44 43 42 41 41 41 93071
173 173 164 162 162 150 150 148 144 143 84874
43 43 43 42 42 41 40 40 39 39 89228
52 52 51 51 50 49 48 48 47 47 95634
75 64 63 63 62 60 59 58 57 57 79845
132 126 108 103 102 101 100 100 92 91 90906
84 65 62 61 61 60 60 60 58 58 86046
56 54 53 53 52 51 51 50 50 49 93405
102 102 74 70 69 69 66 63 63 60 90489
66 65 62 56 49 49 48 47 46 45 92217
70 69 69 69 67 64 63 63 60 60 78629
41 40 39 39 36 36 36 36 35 35 95316
64 61 61 59 58 56 55 54 54 54 89992
38 36 36 34 33 32 32 32 32 32 94685
168 141 138 134 123 121 119 119 119 118 84556
65 63 56 56 56 54 51 51 49 49 91162
94 86 84 83 82 80 79 76 75 75 81264
129 108 104 103 102 101 101 100 100 98 79884
62 59 56 54 53 51 49 49 48 48 87987
98 96 91 90 88 88 86 84 83 83 75688
106 105 93 92 91 90 90 88 86 85 89845
66 61 57 54 53 53 50 49 49 48 94211
36 31 28 28 28 27 27 27 26 26 95906
69 69 68 67 66 65 65 65 64 63 92218
80 75 74 71 70 67 66 65 65 65 89701
43 38 38 37 37 37 36 36 34 34 96037
38 36 36 36 35 35 35 34 34 34 94100
228 70 68 67 66 65 62 60 60 59 91490
55 52 51 49 48 47 45 45 45 45 88758
74 68 68 67 66 66 66 66 64 64 90509
75 63 57 56 56 53 53 52 51 49 93852
53 50 49 47 47 46 45 45 44 44 91932
81 74 71 70 67 67 65 64 64 63 84240
113 92 91 88 87 87 86 86 83 82 77474
90 88 87 81 81 80 77 77 76 74 84691
44 37 37 36 35 33 33 33 30 30 96350
183 172 159 156 156 152 150 150 148 144 65725
70 59 56 56 52 52 50 50 50 49 93713
112 111 103 96 95 94 94 92 92 91 87466
44 37 34 32 32 32 32 31 31 31 93216
51 49 45 45 44 43 42 42 42 39 90373
72 64 64 63 62 61 58 57 56 55 85482
52 52 50 49 49 48 46 45 45 43 89829
128 128 128 124 122 120 117 116 116 116 72711
43 41 41 40 40 37 37 36 35 35 95749
100 91 81 81 78 75 73 68 66 66 92181
233 217 199 174 159 156 154 151 150 149 67327
136 133 130 128 122 119 118 117 111 111 82511
122 95 93 92 91 84 84 83 83 82 86669
66 62 62 59 58 56 55 54 53 53 93019
87 87 81 80 79 78 77 76 75 75 77090
61 60 59 59 58 58 57 56 55 55 83925
47 45 43 43 42 42 41 41 41 41 94270
39 37 36 36 36 34 33 32 32 31 94932
417 188 179 172 159 156 148 147 142 141 83046
39 38 37 37 37 37 37 36 36 35 95725
67 57 53 49 49 48 47 47 47 47 93202
63 63 63 62 60 59 58 58 57 56 92209
98 98 96 96 94 93 92 91 91 91 77063
59 59 56 54 53 53 52 52 52 51 85784
67 62 57 56 55 54 52 52 52 51 91079
136 128 113 111 109 107 106 101 99 96 91579
121 68 62 60 58 56 55 54 53 53 92850
96 91 90 86 86 85 81 79 78 78 77144
130 126 124 123 119 118 112 112 109 109 88518
97 97 94 92 91 88 86 84 83 81 82703
96 89 82 78 75 70 69 69 68 68 82578
59 52 52 52 50 50 49 49 48 48 85528
51 48 47 46 45 45 44 42 42 42 92795
34 29 28 27 27 27 27 27 27 27 96112
42 41 40 39 38 37 37 37 37 37 92223
47 41 41 40 39 38 37 37 36 35 95448
57 53 52 50 50 49 49 49 47 47 92813
50 49 48 46 45 43 42 42 42 42 92986
188 181 178 174 163 159 154 145 143 141 70005
42 41 38 35 35 34 34 34 33 32 93841
58 56 55 55 55 54 54 54 53 53 87876
52 38 37 36 36 35 34 34 34 34 90377
104 104 96 93 93 91 91 89 87 86 82768
35 33 32 32 31 31 29 29 28 28 95949
61 57 55 54 53 53 53 52 52 52 87067
61 57 52 52 51 51 49 47 46 46 88275
30 30 27 27 27 27 27 27 26 26 96357
109 105 104 99 98 98 97 96 95 94 82885
46 45 44 42 37 37 37 37 37 36 94489
65 63 57 56 55 54 54 54 54 54 82288
59 58 55 55 55 54 52 52 52 51 88539
70 67 65 63 63 61 61 61 61 61 84982
95 95 88 85 85 77 76 76 75 74 81354
86 84 80 79 77 76 76 76 75 75 89492
750 70 70 67 67 65 63 63 63 62 82563
122 112 95 92 82 82 82 81 79 77 74922
136 130 124 117 111 110 105 104 103 103 82622
81 72 71 70 69 67 62 62 60 60 94109
102 97 96 95 93 93 93 90 90 89 88111
49 45 44 43 43 42 42 42 41 40 90894
150 145 145 142 140 133 131 126 126 120 80092
120 93 92 88 86 83 82 82 79 79 89467
109 94 83 81 77 77 76 76 76 75 81597
206 205 201 196 190 180 179 178 170 168 66995
55 52 48 47 46 46 43 43 42 42 90109
83 63 62 59 58 55 53 52 51 51 89542
69 60 56 54 52 52 51 51 51 50 91756
53 50 50 50 49 48 47 46 46 45 94686
120 117 115 112 110 110 109 107 105 104 74179
55 53 52 51 49 47 45 43 43 42 93353
31 31 30 29 29 28 28 27 27 27 96751
58 46 45 44 43 43 42 42 42 42 89440
134 123 111 104 104 96 96 93 90 90 77189
304 114 96 95 88 86 86 85 84 82 82686
50 49 49 49 48 48 47 46 46 45 90179
82 74 71 70 64 63 62 62 62 60 87723
41 41 40 39 39 37 37 37 37 36 89598
42 39 38 38 37 37 36 36 36 36 94715
35 30 29 29 29 29 28 27 27 27 96194
113 112 108 104 102 99 99 98 96 95 71822
157 148 138 137 134 130 123 120 120 119 85333
42 41 40 40 39 39 39 39 39 39 92273
62 62 57 50 49 49 48 47 47 46 90181
40 37 37 37 36 34 34 34 33 33 93353
94 80 79 78 77 76 76 76 74 74 83044
101 98 96 96 95 94 93 93 92 89 83866
64 54 53 51 50 50 49 48 48 47 91724
42 41 41 40 39 39 38 38 37 36 93606
82 82 78 78 77 75 73 73 70 70 92967
36 28 27 27 27 26 26 26 26 25 94578
171 77 73 70 69 69 64 63 61 61 87875
60 58 55 55 55 54 52 51 51 51 91036
50 44 43 42 42 41 40 40 40 39 95214
42 41 40 38 38 37 37 37 36 36 90728
45 44 43 41 39 39 38 38 37 36 94266
101 93 89 88 85 84 83 83 81 80 79407
100 95 87 80 80 79 79 78 74 73 93473
60 47 46 46 46 46 45 45 45 45 91078
92 77 76 70 70 70 70 69 69 69 84502
750 348 347 38 37 36 35 35 34 34 94644
52 51 51 47 44 42 42 42 41 41 93291
50 47 44 42 41 41 39 39 39 38 91857
40 40 37 35 34 33 33 32 32 32 95316
146 138 127 123 122 119 116 116 114 113 86091
115 114 110 106 105 104 103 103 103 101 86961
43 40 39 36 35 35 35 34 34 34 95924
82 73 66 65 64 64 63 63 62 61 90946
113 90 89 87 83 83 82 81 79 77 80503
109 102 96 95 94 92 88 86 83 82 75534
58 58 55 54 54 52 52 51 51 50 89346
121 116 104 95 94 93 91 85 84 83 78961
161 155 151 150 149 147 141 134 133 131 68524
115 109 109 91 90 90 89 86 86 85 82963
76 68 64 62 60 59 58 57 55 55 89984
89 88 81 80 80 77 77 76 75 71 83717
62 59 59 59 59 58 58 57 57 57 86305
51 49 45 43 42 42 41 41 41 41 94635
80 63 57 52 52 51 50 50 49 49 91673
123 115 109 108 107 106 104 103 103 102 74740
129 57 56 55 49 48 48 48 46 46 94471
52 51 49 47 46 45 45 45 45 44 93948
51 50 49 48 45 44 44 43 43 43 93164
81 70 65 63 63 63 61 61 60 59 85318
381 74 71 70 68 68 68 67 66 65 84624
68 67 66 62 62 62 61 61 61 61 88638
39 37 36 35 35 32 32 32 32 32 90456
72 72 70 68 67 66 65 65 62 60 90038
53 47 44 44 44 43 43 43 43 43 87980
82 79 76 76 75 75 75 72 72 71 77766
122 119 110 105 98 97 95 94 94 92 77791
78 39 37 37 36 36 35 35 34 34 94342
130 117 117 117 111 107 101 101 99 98 89116
95 87 79 79 77 73 71 69 68 68 85260
132 131 126 110 107 106 100 99 91 90 91126
79 62 58 52 50 48 47 46 46 46 94236
83 75 68 67 67 66 66 66 64 64 87445
56 46 45 44 43 42 42 42 42 40 88204
45 40 36 34 34 33 33 33 32 32 94318
92 83 78 78 76 70 70 68 66 66 88676
62 60 56 53 51 49 46 44 44 44 92709
75 69 69 65 62 62 61 61 58 58 87510
62 55 54 53 52 52 52 51 50 49 87727
128 108 107 85 80 78 77 77 76 75 83781
81 77 72 72 70 67 67 65 65 65 85034
58 49 47 45 41 41 41 41 40 39 94335
49 44 43 41 40 39 39 38 38 38 91411
88 88 87 87 87 86 83 83 82 82 78293
101 96 94 88 87 85 82 81 80 77 86822
41 41 38 37 35 35 35 35 35 34 93530
43 43 42 40 40 40 39 39 39 39 91632
80 79 74 70 68 64 64 63 63 61 88893
92 86 83 81 80 80 79 74 73 72 87937
95 93 93 89 87 86 83 83 82 82 76016
55 48 46 45 43 43 43 42 42 42 93854
67 64 63 62 62 58 57 56 54 54 90672
59 56 53 53 52 51 51 51 50 49 91208
48 46 43 42 41 40 40 40 39 39 92015
103 97 90 89 83 82 82 82 81 78 86540
92 90 80 73 70 70 68 65 65 64 90929
122 114 112 111 109 106 106 106 105 105 71716
63 59 55 54 53 52 51 51 50 50 91277
117 111 111 104 102 98 97 93 93 91 93089
67 64 57 56 56 55 55 54 53 53 90291
750 61 60 59 58 58 58 57 57 55 85576
101 96 91 91 89 87 87 85 85 84 79205
130 125 124 124 121 121 114 110 108 107 87512
61 59 51 50 49 49 49 49 48 48 89198
148 128 127 125 119 119 117 116 114 112 88523
51 51 51 50 49 49 49 48 48 48 91333
114 103 87 87 86 85 84 81 79 78 79872
50 47 47 44 42 41 40 40 40 38 95050
76 74 73 72 71 70 67 66 62 62 91168
129 111 101 99 96 94 92 91 88 87 88517
115 104 103 100 99 97 95 95 94 94 85193
54 53 51 51 51 50 50 49 49 49 86287
88 83 83 82 79 79 78 78 77 76 89239
69 58 57 56 55 55 54 54 52 51 93669
109 60 50 48 47 44 43 43 41 40 95507
49 45 39 39 39 38 38 38 38 38 90903
54 52 50 49 47 47 46 45 44 44 92064
112 110 107 98 88 88 87 85 84 84 88419
96 95 95 89 89 85 85 83 82 82 77075
103 93 93 85 85 81 81 79 76 75 83488
73 72 70 69 67 67 66 66 66 64 86430
78 77 77 72 72 68 66 65 64 63 94713
179 56 56 53 52 52 51 51 50 50 90099
50 49 47 45 45 44 43 41 39 38 91663
46 41 41 40 40 40 38 38 37 37 93485
75 72 72 71 71 69 68 68 68 67 88814
37 37 37 36 36 35 35 34 34 33 90644
51 51 51 50 49 48 48 48 48 47 85266
65 54 54 54 53 50 50 50 48 46 93819
51 50 49 49 48 48 44 44 44 44 93536
73 72 71 69 64 64 64 64 63 62 87555
66 63 62 59 56 56 56 55 54 54 90890
47 47 46 46 46 45 45 45 44 43 93716
85 76 72 71 66 66 65 64 61 61 82322
91 62 58 57 56 56 54 54 53 53 89094
67 57 57 56 55 52 51 50 50 49 90909
160 155 154 152 145 142 140 136 130 129 86426
53 43 43 42 41 40 40 40 39 39 92989
106 95 90 87 86 84 81 79 77 77 90003
155 146 141 129 129 126 124 124 120 119 83536
40 39 36 35 35 34 34 33 32 32 95241
107 100 97 95 89 86 86 85 85 84 78420
142 133 124 124 123 122 121 120 119 118 86990
439 89 86 85 84 77 75 72 72 72 91477
90 90 89 88 87 85 85 85 84 84 90193
78 77 75 73 73 73 73 72 72 71 84117
86 86 85 84 81 80 80 78 77 75 86646
169 45 43 42 40 40 40 39 38 38 93010
119 106 100 99 99 97 96 94 94 93 89864
49 48 48 45 45 45 43 43 43 42 92031
62 39 34 34 34 33 33 32 32 32 94445
43 38 37 36 36 35 35 35 35 35 93003
65 60 53 52 50 49 49 48 48 48 95216
127 116 110 108 108 105 104 101 100 98 72082
81 78 78 77 77 76 75 74 72 72 86675
57 56 54 54 54 52 50 50 49 49 91851
150 141 140 139 137 137 136 136 136 134 78525
216 188 170 166 166 164 157 152 145 143 87533
62 55 48 45 44 44 43 43 42 41 94800
162 133 133 130 123 120 119 118 114 114 86925
130 112 104 102 102 101 99 98 97 96 81955
94 91 87 86 85 84 83 82 80 76 79003
188 182 182 173 172 172 171 170 168 166 84662
43 43 42 42 41 41 40 40 40 40 92086
67 56 56 53 52 51 51 50 50 49 88029
169 162 150 145 142 141 137 133 131 128 80576
54 48 46 45 44 44 43 43 42 42 86599
52 45 45 42 41 40 40 38 38 37 92705
48 48 45 43 42 39 39 39 38 38 94823
288 281 226 217 213 209 201 199 198 194 75109
57 54 54 51 49 45 44 44 44 44 95195
109 107 105 104 102 102 96 96 95 94 72527
59 54 53 52 51 51 51 49 49 48 91324
215 211 205 203 201 201 200 199 199 199 66885
80 72 72 69 69 67 65 63 63 62 89562
129 118 114 112 104 101 100 100 97 96 71614
39 35 34 34 34 33 33 33 32 31 91713
83 77 70 68 66 65 65 64 62 62 90030
54 52 52 51 49 48 48 48 48 48 95345
44 43 41 40 39 39 39 38 36 35 90722
137 132 132 130 130 130 126 125 125 124 86483
75 71 65 62 61 60 57 57 55 55 92995
101 101 100 100 99 99 97 96 95 95 71832
209 176 169 157 151 142 141 140 140 139 85501
30 28 27 27 27 27 26 26 26 26 96415
41 38 35 34 33 33 33 32 30 30 95929
82 78 76 74 73 66 65 64 63 60 91662
81 78 73 69 65 63 62 62 59 59 91342
69 64 60 59 58 58 56 55 54 54 90785
59 57 57 55 54 54 53 53 53 52 87816
86 84 79 77 76 75 74 72 71 70 85689
63 53 52 52 51 51 50 50 49 49 89487
70 66 66 64 63 61 61 60 60 59 90262
98 98 90 84 83 81 80 79 79 78 90726
97 95 94 88 83 81 81 78 77 75 95593
549 144 140 124 119 117 117 114 110 109 75847
55 54 51 50 50 49 48 47 46 45 91428
52 49 48 48 48 48 47 47 46 45 92367
79 72 69 68 66 66 63 63 63 61 90269
108 102 102 99 97 96 96 95 94 94 85470
38 37 36 32 32 31 31 31 30 30 96274
149 133 127 120 119 116 114 113 111 111 78019
74 72 71 69 59 59 57 57 55 54 93128
63 58 56 54 54 53 51 51 50 49 89721
30 29 29 28 28 28 28 27 27 27 92698
63 62 61 60 60 59 58 54 53 52 89849
51 45 44 44 43 42 42 42 41 41 89378
76 65 61 61 60 60 60 60 59 58 80665
165 158 157 156 156 153 147 147 138 137 78814
129 111 103 100 98 91 83 82 82 79 84039
37 33 30 29 29 29 28 28 28 28 95681
59 51 50 50 47 46 46 46 46 45 90552
33 31 31 30 30 29 29 29 28 28 96379
81 79 77 77 77 77 74 73 69 69 85505
49 45 44 44 42 42 41 41 40 40 92860
45 42 42 41 40 40 39 38 38 38 96284
84 75 73 72 71 70 66 65 65 65 82143
50 49 46 45 45 44 44 43 42 41 90358
36 28 28 28 28 28 28 27 27 27 95789
77 71 63 62 60 59 58 58 57 56 84418
58 54 52 46 44 44 44 43 43 42 91748
63 52 49 49 48 48 48 48 48 48 90440
61 59 55 53 52 52 52 50 49 49 89869
49 46 44 43 43 43 43 43 43 43 90397
83 81 73 72 71 71 69 69 68 67 85448
52 49 48 48 46 45 44 43 43 42 87272
42 41 39 38 38 37 37 36 36 36 94196
118 117 116 114 114 111 110 109 108 107 66616
58 50 48 47 47 46 46 45 44 44 90591
61 57 57 57 56 53 53 52 52 51 91979
67 65 61 60 60 59 59 59 58 57 90864
115 100 100 99 97 93 91 87 85 83 83832
105 102 97 92 90 89 83 82 82 79 86195
102 95 88 87 86 85 85 83 83 82 76135
65 62 60 59 59 57 57 57 56 55 95361
96 91 90 82 81 81 80 79 78 77 78820
132 120 118 111 109 106 105 104 104 104 78168
82 79 78 78 76 75 74 73 73 73 89989
35 31 30 29 28 28 28 27 27 27 96299
65 58 58 57 57 55 55 54 54 53 87634
94 76 72 72 69 68 67 67 66 64 86188
33 30 30 30 29 29 29 28 28 28 95430
42 41 40 40 39 39 39 38 37 37 92158
52 44 44 44 42 40 39 39 38 38 92413
55 54 52 50 49 49 48 48 46 45 93174
55 50 49 43 43 42 41 41 41 41 88527
56 52 52 52 51 51 50 50 50 49 87548
61 55 53 53 51 51 48 48 48 47 85945
63 63 59 57 56 56 55 55 54 54 84582
94 93 92 91 90 88 87 87 86 85 90366
204 191 189 189 188 186 178 175 175 174 65863
132 123 117 117 117 116 115 114 114 113 74512
56 50 49 48 47 47 47 44 44 44 92523
35 35 34 34 34 33 33 33 32 32 93569
96 89 89 87 81 80 78 78 77 74 79083
123 103 79 78 77 77 72 69 64 63 85488
81 75 74 74 73 69 69 69 68 68 81367
64 61 60 58 56 56 53 52 52 51 87450
94 77 71 66 65 63 63 62 60 60 77181
70 63 60 60 56 56 55 55 55 55 92379
71 67 66 62 61 59 58 56 56 55 93404
72 71 71 70 69 68 68 68 67 66 78090
63 61 50 48 48 48 47 46 45 45 93385
108 105 96 94 93 91 91 90 88 87 82530
69 62 55 54 54 52 51 51 50 50 84007
42 40 40 40 40 38 37 36 36 36 92402
79 70 67 67 61 60 58 58 58 58 89308
100 44 43 42 42 41 41 40 38 38 92704
54 51 50 49 47 47 45 45 45 45 91701
92 88 80 80 75 73 72 72 70 70 88605
81 76 75 70 68 68 68 68 68 66 91257
55 54 54 52 51 50 50 49 49 49 91559
61 60 60 60 58 58 57 56 55 54 87551
63 55 53 49 47 44 44 43 42 42 94520
72 71 70 66 63 62 61 61 60 59 83398
450 91 84 82 81 77 74 73 72 72 87047
45 44 44 43 42 42 41 41 41 40 95012
43 40 38 37 37 36 34 34 34 34 90585
190 188 157 143 140 139 130 129 127 124 85603
114 110 100 100 98 96 94 93 87 85 84640
273 217 217 216 196 171 171 168 162 157 83830
75 71 71 69 67 64 63 63 63 62 90686
71 68 67 64 64 64 63 62 59 59 88670
55 52 50 49 49 48 48 48 48 47 86272
149 144 143 123 122 120 119 117 115 111 84816
95 88 87 82 77 76 76 76 76 76 80134
57 57 57 56 55 54 53 53 52 52 87176
106 97 96 96 94 89 89 87 85 85 91466
196 194 192 184 182 180 179 177 176 172 65064
112 95 83 79 76 73 73 73 73 72 91786
91 86 86 82 78 75 74 71 70 69 84528
112 89 89 86 84 83 82 81 80 79 85734
119 118 102 100 95 94 94 94 93 93 83280
207 201 176 172 170 165 161 159 155 152 86569
750 70 69 68 63 63 62 62 61 61 82358
344 54 50 50 49 49 48 48 47 47 93420
79 79 75 73 68 66 66 65 65 64 89365
75 71 66 65 62 62 62 62 62 62 89075
84 81 80 80 79 75 68 68 68 68 92408
151 127 126 114 113 110 107 105 104 102 84095
73 70 68 65 59 58 57 56 55 55 92257
157 154 152 148 145 137 135 134 134 132 68669
58 44 41 40 40 40 40 39 39 39 91263
47 47 42 41 41 40 40 40 40 39 91435
43 36 36 36 36 34 34 34 33 33 94566
384 75 66 64 54 54 54 53 52 52 92129
53 51 49 48 47 46 45 45 44 44 91232
44 42 41 40 40 40 39 38 38 37 94331
80 79 75 70 69 68 68 67 67 65 79928
189 157 156 154 154 149 145 142 140 140 87341
83 83 82 75 72 72 67 66 64 63 88851
58 55 53 52 50 48 47 45 43 43 94003
57 52 50 49 49 46 44 44 44 43 94001
100 92 84 83 80 79 79 78 77 77 75136
35 32 32 31 31 31 31 31 30 30 94856
54 54 52 50 50 48 47 46 46 45 91800
48 41 41 40 40 39 39 39 39 37 94118
67 63 60 60 56 54 52 52 50 50 87883
46 42 40 38 38 37 37 36 36 36 95007
40 39 37 37 37 36 36 36 36 36 92198
88 80 79 78 78 77 77 77 77 76 92525
63 59 59 58 55 55 53 53 52 52 89095
119 119 106 93 92 88 88 85 83 83 89755
39 36 34 33 33 33 31 30 30 30 94816
206 184 177 158 154 154 153 147 147 147 70517
50 47 46 45 44 44 43 43 43 43 90871
73 67 65 64 63 63 62 62 59 59 87595
203 193 190 188 180 179 179 179 179 177 63078
74 74 68 65 65 65 62 61 61 60 94605
47 46 45 45 43 42 42 40 40 40 94822
70 68 67 64 63 62 62 60 60 59 83796
206 205 195 193 191 190 190 189 188 188 67755
52 49 49 45 44 44 43 43 43 42 89150
171 169 165 153 147 146 145 144 143 142 66657
60 59 59 58 56 56 55 55 54 54 86829
69 66 62 62 61 61 61 60 60 57 82043
55 50 46 46 44 44 44 42 42 42 90355
50 45 44 40 38 38 37 37 37 37 92486
47 44 43 43 43 42 42 42 41 40 96010
76 70 64 62 61 61 60 59 56 56 90117
750 77 73 72 72 70 69 69 68 68 82208
58 53 49 49 48 48 47 46 46 46 83998
42 39 38 37 37 37 37 36 36 36 90531
97 96 91 86 85 85 80 77 77 75 90580
55 54 54 54 51 50 50 50 50 50 90780
87 85 84 82 78 76 76 74 74 69 92030
67 63 60 58 57 56 56 56 56 56 88771
111 102 97 96 95 95 93 93 92 92 88681
47 46 46 44 44 44 44 43 43 42 89084
35 34 33 32 32 32 32 31 31 31 95230
58 55 55 51 49 48 48 47 47 47 89453
143 123 115 113 113 111 110 108 107 106 81283
32 29 29 29 29 28 28 28 28 28 94549
89 87 86 82 81 80 79 78 77 77 88688
35 29 29 29 29 28 28 28 28 28 93774
81 75 75 74 73 72 72 71 71 67 93656
56 51 48 47 46 45 45 45 45 44 87539
95 91 86 83 79 79 78 76 75 74 84840
39 38 38 34 34 34 33 33 33 32 93300
133 128 120 118 117 115 113 113 104 103 78391
78 65 64 63 63 62 61 61 60 60 92983
46 45 45 44 41 41 40 40 40 39 92112
71 70 65 65 64 63 63 60 60 59 83205
104 100 94 90 85 81 81 80 79 79 85741
50 47 46 45 45 44 44 44 44 44 90055
131 127 126 122 110 105 104 102 102 100 88331
53 52 51 50 48 48 48 47 47 46 90237
34 33 32 31 31 30 30 30 30 30 94145
71 66 62 61 61 60 59 58 57 57 89610
161 149 137 133 131 130 129 128 127 123 86774
67 64 59 59 59 58 57 56 56 54 89082
37 35 34 32 32 31 31 31 29 29 96921
69 50 47 45 44 44 43 43 43 43 93683
121 119 110 103 101 99 98 97 95 95 87972
62 47 46 45 45 44 44 44 43 43 94692
56 55 54 52 51 50 49 48 48 48 92949
81 78 74 73 71 70 70 69 69 69 94104
132 126 117 113 113 112 112 111 109 108 74306
53 47 45 45 44 43 42 42 42 40 92969
90 80 79 69 67 65 63 63 63 62 88307
49 48 46 45 43 42 41 41 40 40 88232
74 68 63 61 61 60 60 58 56 56 92771
44 42 42 40 40 39 38 38 38 38 93874
114 105 102 100 100 97 94 91 90 90 89026
80 77 74 73 72 71 71 70 68 66 92486
172 145 139 135 135 135 134 130 128 128 68239
70 61 61 57 56 55 55 54 53 53 86368
37 37 36 36 35 35 34 34 34 34 94666
122 86 82 78 77 77 75 73 71 71 80643
76 70 68 66 66 65 64 64 63 63 86357
78 68 64 63 62 61 61 60 60 59 89683
89 84 84 84 82 79 78 77 77 75 76773
41 41 38 38 37 37 37 37 37 37 87724
92 67 64 61 58 57 56 56 56 56 87942
77 76 74 73 69 67 67 67 65 64 91659
40 38 38 37 36 36 36 36 35 35 93789
280 271 264 261 257 256 255 248 248 247 59605
36 35 33 30 30 30 30 30 30 30 95399
56 55 53 53 52 51 50 50 50 49 89011
115 64 63 60 60 59 58 58 58 58 90028
40 37 35 35 35 35 34 34 34 34 90151
81 80 80 79 78 75 74 72 70 69 86418
91 90 85 84 82 78 76 76 75 73 87480
37 37 35 35 34 34 34 34 34 33 89559
85 80 78 73 73 70 70 69 68 67 86575
46 46 46 45 44 44 44 44 44 43 87304
103 67 66 64 62 61 60 60 59 59 83781
101 94 75 74 74 68 61 61 59 58 93823
148 124 121 116 109 108 105 101 100 99 85967
93 89 88 86 85 81 80 80 80 80 86028
124 109 109 106 102 101 98 97 95 94 91353
59 57 55 55 55 55 55 54 54 53 84080
55 54 52 52 51 49 48 46 45 45 91755
133 132 109 94 94 93 92 92 90 89 81190
82 77 75 71 70 68 67 67 66 65 88232
102 89 83 75 73 71 70 68 67 67 82044
106 91 90 87 86 86 85 83 82 80 89089
92 81 65 64 59 58 57 56 56 54 91024
98 95 92 87 85 82 73 73 72 69 95206
56 51 51 51 49 49 49 48 48 48 89808
43 35 35 35 34 33 33 33 33 33 93457
115 109 101 99 99 94 93 91 91 91 80001
90 89 88 88 85 85 84 84 83 83 76454
160 158 146 141 139 138 131 127 124 122 72448
62 60 60 55 54 54 53 53 52 52 89027
84 81 76 76 76 75 73 69 69 67 90372
44 41 39 39 37 37 37 37 36 35 93885
750 86 84 76 74 73 73 72 72 69 89703
34 33 30 29 28 28 28 27 27 26 95620
34 34 33 32 29 29 28 28 28 28 96124
238 120 116 110 109 109 108 108 107 106 80129
28 28 28 28 27 26 26 26 26 26 96378
107 101 100 99 99 92 89 86 84 83 87835
68 63 59 57 56 55 54 53 53 52 93420
87 79 76 75 71 70 70 68 68 68 87830
107 101 94 90 89 88 88 86 86 83 84059
42 33 33 31 30 30 30 29 29 29 95021
220 43 41 38 38 38 37 36 35 35 92810
145 110 104 104 102 89 85 82 80 79 87398
35 35 34 34 33 33 33 32 32 32 95323
102 99 96 95 95 92 91 88 88 88 87717
94 91 91 78 77 76 74 74 71 69 84105
49 46 45 43 43 43 43 43 42 42 88961
48 47 46 43 42 42 41 41 41 40 95000
32 31 30 30 29 29 29 28 28 28 93844
109 106 106 100 96 96 94 93 92 92 77805
88 88 79 65 64 58 57 57 56 56 88503
46 43 43 41 41 40 40 39 39 38 91468
61 45 43 43 42 42 42 41 41 40 93254
750 44 37 36 35 34 33 33 33 32 94047
46 42 42 42 41 41 41 41 40 40 92683
67 67 66 65 64 62 59 58 58 57 87066
117 107 103 97 94 89 88 88 84 84 83423
44 41 39 39 38 37 36 36 36 36 90709
103 98 93 87 86 85 84 82 81 80 90972
56 54 52 51 48 47 45 45 44 42 94256
142 119 108 97 95 94 92 92 91 90 85288
66 61 58 57 56 56 56 55 53 51 92251
53 50 48 47 45 42 42 42 41 40 85396
86 80 78 78 77 76 74 73 72 71 88482
83 76 72 69 69 69 67 67 67 67 85858
99 83 83 83 82 82 81 80 80 79 78933
75 68 66 64 64 64 63 61 61 61 84620
750 57 56 56 55 54 53 52 52 50 89074
61 57 56 56 55 55 55 55 55 55 80836
59 58 56 55 54 54 54 52 51 51 90726
150 113 106 99 97 96 95 94 89 88 89692
61 57 56 55 52 51 50 48 48 47 91651
52 50 48 46 45 44 44 44 44 43 93616
46 39 38 38 38 37 37 37 36 36 93687
61 60 57 54 53 50 49 49 48 48 93650
80 78 76 75 75 74 74 74 72 71 87957
287 65 62 57 54 53 53 51 51 50 89976
161 132 132 132 121 121 119 118 116 114 77203
127 89 88 85 84 84 81 79 79 74 87482
46 45 45 44 44 43 43 42 41 40 90810
295 287 258 246 222 207 182 182 180 178 67004
74 61 58 57 51 50 50 49 48 46 93223
42 39 39 38 38 37 37 37 37 35 95968
58 49 48 47 45 45 45 44 42 42 95829
59 57 56 54 53 53 50 50 50 49 91898
57 48 48 47 47 46 45 44 44 44 93462
172 53 40 39 38 38 37 37 36 36 95764
74 73 73 68 68 67 67 67 66 62 86561
181 161 153 146 136 135 134 132 131 129 85480
76 74 73 73 72 71 70 69 69 69 90646
50 42 41 41 41 40 38 38 37 37 93091
56 52 51 51 50 49 49 49 49 49 82455
94 70 69 66 65 65 64 64 61 57 92772
91 65 63 63 63 61 60 60 59 58 91815
60 53 46 45 44 44 44 43 42 42 93083
48 44 43 43 42 42 39 39 38 38 94398
87 77 70 69 67 65 63 61 61 59 93945
88 76 73 72 72 71 70 66 64 63 81420
187 177 175 171 171 162 161 152 150 149 84927
254 202 193 144 143 138 136 135 134 133 81610
66 56 53 48 47 47 46 45 44 44 92622
54 52 49 49 49 46 45 45 45 44 94252
42 42 40 40 40 40 40 39 39 38 94032
133 124 123 123 123 121 117 115 114 114 82367
102 101 94 90 88 87 85 85 85 85 74625
72 57 56 55 54 52 52 52 51 51 90845
32 29 29 28 27 26 26 26 25 25 95571
40 38 38 37 36 36 36 36 36 35 94726
43 43 38 36 35 33 33 33 33 33 92806
82 72 67 62 61 60 57 56 55 55 87082
63 62 61 60 58 58 58 55 54 54 85601
169 156 148 147 146 139 138 136 135 132 85315
142 118 108 97 95 93 92 88 88 86 82097
60 50 49 49 47 47 47 46 45 44 93413
63 59 58 57 57 57 56 55 55 54 84031
78 75 70 68 67 65 65 65 64 64 95625
53 45 45 44 42 42 41 41 40 40 89337
77 76 75 74 74 74 72 70 69 69 85783
69 62 62 61 60 59 59 59 59 57 83895
55 48 48 47 47 46 45 44 43 43 94271
56 56 54 53 53 52 52 52 51 51 87091
46 44 43 41 41 39 39 39 39 38 94509
44 39 39 39 37 37 37 35 35 35 93236
63 59 58 56 55 53 50 50 50 50 89773
43 43 43 42 42 41 40 40 40 40 88797
45 44 44 43 43 43 42 40 40 40 93466
37 35 33 33 33 33 32 32 32 32 94856
67 66 65 61 60 60 60 60 59 59 80541
77 75 73 73 70 69 68 68 68 67 92952
70 69 67 66 64 60 58 58 57 57 90161
97 90 86 86 86 86 85 85 83 82 86295
170 63 58 56 56 55 54 54 53 53 90821
184 181 172 167 157 154 146 146 145 143 75971
84 72 69 67 67 67 67 64 64 64 89595
103 98 93 84 84 84 83 83 80 77 78178
68 61 58 56 55 48 48 48 47 47 92291
105 104 103 103 102 101 100 99 98 95 79948
77 75 73 71 69 68 68 68 65 65 78957
387 66 61 51 51 50 47 46 42 38 95621
41 41 40 40 38 38 38 38 37 37 93862
251 59 56 56 55 54 53 52 51 51 89035
54 52 51 49 49 48 48 47 46 45 91935
53 46 45 45 45 45 45 44 43 42 93377
80 79 75 72 69 69 67 66 65 64 92868
64 61 60 60 60 59 58 56 56 55 85549
68 66 60 59 59 58 57 56 56 54 85959
83 82 76 73 73 70 69 67 67 66 83936
56 52 52 50 49 49 49 49 48 48 82064
76 70 70 70 69 68 67 65 65 63 80166
75 68 68 67 65 60 60 59 58 58 89908
53 53 50 50 49 49 49 46 46 46 88767
50 38 37 36 36 35 35 34 34 33 94656
42 41 40 40 38 36 36 36 35 34 93330
81 76 71 69 68 64 63 62 62 59 91349
83 74 65 64 64 64 63 62 62 61 81408
37 37 35 34 33 33 32 31 31 31 95840
117 117 113 109 107 106 106 106 104 103 75677
111 92 83 82 82 81 75 74 72 72 82190
46 45 41 40 40 38 38 38 37 37 93947
62 60 59 58 58 57 57 57 56 55 88108
74 65 58 53 53 53 52 51 50 49 83044
182 178 145 135 132 132 130 130 128 128 88750
70 67 66 64 62 57 57 56 55 54 92095
45 44 40 40 39 37 36 36 36 35 95111
81 81 80 77 75 75 73 73 71 71 84303
51 49 49 48 47 45 44 44 44 43 93029
75 74 72 70 68 66 66 65 65 63 83229
283 276 266 262 260 257 256 254 253 247 61586
52 48 47 46 45 44 44 43 42 42 89876
84 50 48 48 47 46 46 45 44 43 93758
67 64 63 60 60 59 59 58 58 58 83577
56 51 50 48 48 48 47 47 45 45 93881
30 29 29 29 29 29 28 28 28 28 92567
112 98 95 92 90 89 88 88 86 86 87413
49 48 47 46 45 45 44 44 43 42 87506
529 77 67 66 65 64 63 63 63 62 92092
750 41 40 36 35 34 33 33 33 33 95750
82 82 81 80 77 77 76 76 75 72 76673
53 48 47 44 42 42 40 40 40 38 91994
69 60 58 58 57 56 55 55 55 55 84942
37 35 35 33 32 32 31 31 31 30 92743
43 40 39 39 39 38 38 38 37 37 96015
117 116 110 108 107 106 106 105 103 103 72231
69 58 57 56 54 53 52 52 51 51 86688
100 95 77 68 68 63 61 60 59 58 91585
51 50 43 42 41 40 40 40 39 39 91683
87 71 67 63 63 61 60 59 55 54 89864
56 55 53 52 51 51 50 50 49 48 90003
42 42 40 40 39 39 38 37 37 36 91723
60 58 57 56 56 56 56 54 53 52 89475
82 80 79 68 68 67 65 64 64 63 87297
106 105 103 103 101 101 95 94 94 93 86078
51 45 43 41 41 41 41 41 40 40 90122
55 54 52 50 50 49 47 47 47 46 87280
87 86 85 84 83 82 82 82 81 81 87611
90 90 89 85 77 76 76 74 74 73 81759
49 45 45 44 44 44 42 42 41 41 87933
476 270 265 100 86 85 85 85 83 83 79134
59 53 47 46 45 45 45 45 45 44 85933
135 116 110 109 107 105 105 104 102 98 77829
35 31 28 28 27 27 27 27 27 27 95353
39 39 38 37 37 37 36 36 36 35 94219
70 68 66 65 63 60 59 59 59 56 88961
193 135 128 126 124 122 121 117 117 115 94125
54 49 44 44 44 41 40 40 39 39 95465
55 54 54 53 53 51 51 50 50 49 88397
75 73 72 65 63 61 61 58 57 57 86428
39 38 38 38 38 38 38 36 36 36 91412
62 58 58 56 55 53 53 53 52 51 88767
47 40 39 38 37 37 35 34 34 34 96161
68 64 63 61 59 55 54 53 52 52 86037
86 85 77 77 76 76 75 75 72 71 86328
49 43 41 38 38 38 38 37 36 36 93621
60 51 51 51 50 49 49 48 48 47 84688
110 109 106 104 103 100 98 96 94 92 85791
61 56 56 55 55 54 54 54 54 54 90197
