82 75 70 69 65 54 50 47 45 
52 49 43 38 34 32 28 27 
206 187 162 150 145 143 140 138 137 
51 41 37 36 35 34 29 25 22 
89 76 68 62 55 49 44 39 35 
56 54 51 50 46 43 37 36 29 
29 23 19 17 14 11 10 
170 169 154 150 145 143 142 141 133 129 
52 51 49 47 46 44 39 34 33 
59 46 45 34 33 31 29 25 
99 97 72 69 65 63 58 57 46 43 
46 40 26 25 23 22 20 18 15 
52 48 46 44 42 36 35 33 
750 94 84 82 75 73 72 64 61 
48 45 43 32 30 28 27 
58 51 47 46 44 43 33 31 27 
51 45 42 38 35 33 32 27 26 
77 75 70 63 60 59 55 40 
35 31 29 27 24 23 20 13 
72 71 69 63 62 58 55 53 49 
59 52 51 50 45 42 40 39 38 
50 45 44 43 42 36 32 31 25 20 
99 76 69 65 64 63 61 60 46 
92 74 65 41 36 32 30 29 24 
38 31 28 26 25 22 20 17 
97 91 89 87 84 82 73 63 
55 52 45 44 43 40 37 34 27 
46 40 35 33 27 25 24 22 20 
111 106 105 102 82 76 71 70 65 53 
69 67 66 65 62 59 46 40 
63 62 56 39 34 33 29 27 
34 27 26 22 20 19 15 11 
83 59 54 51 43 40 39 38 36 24 
178 169 159 147 138 134 128 122 115 111 
51 46 45 41 38 34 25 21 
48 44 40 35 33 20 18 
79 61 56 54 50 46 45 42 41 37 
50 40 38 34 28 26 24 23 
35 31 25 22 21 19 17 14 
101 76 74 72 71 70 65 61 52 
60 59 55 53 51 47 45 43 42 39 
29 28 26 21 20 17 16 13 
56 48 47 45 40 38 37 29 25 
172 166 156 143 135 131 127 124 115 
67 59 57 53 50 48 45 44 41 30 
38 27 26 25 22 21 20 13 
52 51 40 35 32 26 
59 57 55 52 51 49 48 43 
111 109 106 95 94 88 85 72 
41 35 30 27 23 20 18 
87 83 79 75 66 65 51 44 
125 110 109 90 88 87 84 83 79 66 
56 51 44 42 40 33 31 27 20 
116 91 83 82 79 66 65 64 
144 140 134 133 126 122 112 100 
132 104 101 97 89 88 87 82 80 79 
32 29 27 25 21 20 19 17 14 13 
70 67 66 59 58 54 51 50 49 46 
69 57 54 44 39 37 34 22 
62 54 52 51 43 41 37 35 34 
34 31 30 29 26 23 20 14 
43 35 32 26 25 24 21 
62 61 59 58 57 53 51 49 47 
70 60 59 54 51 47 46 
587 233 230 227 225 221 220 212 199 
54 48 47 43 42 36 33 30 22 
59 47 46 44 42 38 35 34 31 
86 84 83 82 73 71 69 67 64 
55 54 53 50 49 48 47 42 
750 47 44 43 39 38 32 29 26 
49 47 42 33 27 26 24 23 22 
40 36 33 31 30 26 25 19 
45 41 40 39 38 36 33 31 28 
104 96 95 92 87 84 82 73 
58 42 36 35 29 25 24 22 
65 63 46 41 40 38 37 34 33 
175 148 145 141 132 131 130 122 118 101 
53 44 42 37 33 30 28 
115 108 100 97 90 89 81 79 78 
37 35 29 28 25 24 22 21 19 
75 60 58 52 51 43 39 36 
103 100 89 86 79 77 73 71 68 65 
38 31 30 29 28 25 
153 131 121 120 115 113 106 95 
31 28 24 23 17 16 15 14 13 
43 38 36 35 31 29 28 26 25 23 
72 66 65 63 62 61 57 42 35 
83 80 79 66 63 62 57 55 53 52 
54 44 43 37 34 33 31 19 
57 45 37 35 31 30 29 26 
51 39 38 36 35 33 32 31 26 
119 112 104 98 95 83 82 81 76 73 
36 27 26 24 23 22 21 18 16 
66 56 41 35 34 33 26 23 19 
43 40 39 38 35 34 31 30 28 
132 83 80 79 73 71 69 68 58 46 
105 95 94 88 86 71 70 62 58 
46 43 41 40 39 38 37 36 35 
39 38 30 28 25 24 23 21 18 
89 88 86 73 72 57 55 53 
28 27 25 24 23 20 19 17 
79 75 64 60 57 54 52 47 
88 82 81 75 66 61 60 56 55 
72 51 50 48 47 44 43 42 38 
100 82 80 78 72 67 62 57 52 
68 66 63 57 54 51 50 47 42 
635 104 102 93 85 77 76 73 68 
614 102 97 96 94 92 90 89 82 
120 116 114 109 106 89 88 87 79 
80 78 76 74 65 63 59 58 56 54 
91 84 78 76 75 74 66 65 61 58 
78 64 56 55 47 46 
86 82 71 70 63 59 54 53 38 
57 54 52 50 46 39 34 
92 30 27 23 22 19 14 12 11 
58 52 50 48 42 40 29 26 24 22 
39 32 30 29 26 25 24 21 16 
43 41 40 39 33 32 29 26 
54 50 45 42 37 26 22 
605 110 102 79 70 68 61 49 48 37 
94 89 85 79 73 72 71 65 60 
36 34 33 32 28 22 21 20 14 
136 133 127 121 115 110 107 102 100 98 
34 30 27 26 25 22 19 18 
147 127 110 106 98 97 95 92 89 73 
55 53 48 43 41 40 37 36 34 
63 62 60 59 57 56 55 53 46 
51 41 39 36 33 31 29 28 23 
84 74 72 66 62 60 51 48 45 
28 26 24 23 19 18 14 13 11 
45 30 25 24 22 20 19 17 13 
91 88 86 85 84 79 78 76 74 61 
32 31 30 23 19 17 15 
73 72 69 68 63 61 60 58 50 47 
750 32 31 25 22 19 18 
36 33 31 26 23 20 19 17 
74 61 60 59 56 52 49 45 37 
64 63 60 55 52 50 49 48 47 44 
101 97 77 69 65 61 60 54 43 38 
73 72 71 70 68 55 52 47 
121 117 114 106 103 97 86 85 80 68 
51 42 41 39 37 35 31 27 
116 96 91 88 81 79 78 63 
51 47 45 39 38 36 34 
39 31 30 28 27 26 25 23 21 17 
39 38 31 28 27 26 25 23 
66 51 50 47 39 38 33 29 
335 322 314 254 144 133 104 100 92 84 
79 61 60 59 53 52 50 43 32 
35 34 32 31 30 24 21 19 
62 47 43 35 32 31 30 20 19 
59 53 50 47 45 42 36 34 
114 100 94 92 89 88 85 79 78 63 
33 27 26 24 21 19 17 11 
119 111 110 102 99 98 95 90 88 85 
53 52 48 46 45 40 35 34 31 
121 114 100 97 92 91 90 88 85 83 
38 34 33 32 28 27 26 24 
41 40 38 34 32 30 29 26 23 
92 89 88 79 78 70 69 64 51 
66 47 46 45 43 41 36 32 31 29 
42 39 38 37 36 30 23 21 
61 51 48 47 42 38 36 29 
48 45 44 43 42 38 37 35 33 22 
129 124 114 107 106 105 103 94 90 82 
51 45 37 36 34 33 31 29 
41 35 34 30 29 28 27 26 24 
76 72 66 61 60 56 53 48 46 44 
67 65 61 51 50 46 45 42 
39 36 31 28 27 25 21 19 
116 108 103 100 97 94 87 82 76 71 
70 59 53 43 39 37 35 33 
103 90 80 69 66 64 61 59 58 55 
52 39 38 37 35 34 31 26 25 
84 73 71 69 62 57 53 51 48 
61 43 41 40 39 37 34 33 
66 60 59 58 55 54 46 39 35 31 
73 59 58 53 47 41 40 36 30 
44 33 31 29 28 27 24 21 20 
56 37 34 32 31 29 28 27 
57 45 41 37 28 27 26 24 23 22 
97 96 82 77 74 65 64 56 54 45 
26 25 24 22 19 16 15 13 
36 31 30 28 25 22 21 20 18 
50 46 44 40 39 37 36 35 34 
67 61 56 53 52 42 35 31 28 27 
44 43 42 41 38 33 32 30 26 
40 39 38 34 33 30 29 28 
56 50 49 47 46 45 44 42 41 35 
45 38 36 24 23 21 19 18 
106 102 89 88 78 70 65 60 53 
38 32 28 22 21 20 19 18 15 
51 36 33 32 30 29 26 25 18 
401 93 77 68 64 61 60 50 49 45 
97 95 88 87 86 84 80 73 63 58 
40 37 35 34 31 28 26 19 17 
90 89 81 74 70 69 64 62 50 
133 130 113 112 111 104 98 87 85 82 
37 32 30 25 24 23 22 21 20 16 
101 85 84 73 70 64 62 61 
66 65 64 59 55 53 49 48 45 
61 46 45 44 43 41 39 28 
84 83 72 67 63 60 59 58 43 
55 44 43 40 38 37 35 28 
95 61 60 56 55 54 42 41 40 
144 108 104 103 94 90 83 74 68 62 
37 36 30 29 28 27 24 21 19 
72 62 60 59 55 50 49 48 44 43 
48 37 33 29 28 27 23 21 18 
68 60 58 51 45 44 42 30 29 
68 67 66 59 58 56 55 50 47 
31 21 20 16 14 13 12 10 
42 36 34 33 32 30 28 24 
59 55 52 49 46 35 
113 104 95 92 91 89 87 80 79 78 
29 27 25 23 20 18 17 15 
33 25 24 23 22 17 12 9 
37 36 34 30 28 27 21 20 18 17 
74 72 70 61 59 58 54 50 47 
102 94 89 80 75 74 72 70 
41 38 36 30 28 25 24 23 19 
108 106 91 89 85 84 82 75 70 
43 39 38 35 33 32 31 25 17 
52 47 42 40 38 33 
87 80 69 68 57 54 51 50 45 40 
142 135 134 132 128 109 96 94 
195 192 184 180 175 158 153 142 141 129 
33 32 31 23 18 17 16 11 
104 103 102 97 94 89 86 83 79 72 
42 36 35 30 24 20 16 13 
124 112 104 99 93 86 84 73 61 
50 44 38 37 36 27 25 24 22 
34 29 27 23 18 16 15 
38 36 35 32 29 26 25 24 
56 52 51 48 46 44 40 37 
229 168 151 143 134 128 127 110 106 104 
110 109 107 102 101 95 91 90 
73 63 59 57 54 50 47 37 
48 42 39 36 35 26 18 17 15 14 
104 67 65 64 63 58 56 50 47 45 
76 71 67 59 57 55 50 47 43 
25 21 18 15 14 13 
80 71 65 61 52 45 44 42 
47 45 40 38 37 34 31 29 23 20 
139 134 126 121 116 110 106 105 98 
233 214 209 202 198 185 182 173 
65 60 54 52 50 47 42 39 
86 73 71 61 60 55 54 52 50 40 
104 97 95 90 88 87 73 68 
137 135 128 119 113 111 107 101 95 91 
90 80 77 76 69 67 66 61 59 57 
88 83 66 64 62 61 60 59 
118 104 98 87 81 72 69 
45 44 42 40 35 34 30 26 
103 94 90 86 84 76 73 72 64 
74 57 52 44 42 41 32 31 23 
103 98 96 88 81 72 71 70 57 
74 69 67 66 63 62 61 49 48 
76 70 67 57 56 51 47 44 
96 87 82 79 78 73 64 62 60 59 
99 90 79 77 72 70 64 56 53 45 
290 179 104 28 26 24 22 
144 136 100 98 91 88 85 83 80 79 
221 145 141 135 128 112 105 103 93 91 
75 61 57 54 53 50 35 33 31 
128 121 115 107 95 84 79 76 73 
64 56 53 51 41 34 31 26 
208 126 122 118 110 109 108 105 100 90 
30 29 25 20 19 15 10 7 
74 62 61 60 51 48 46 44 42 
31 27 26 25 23 22 20 
75 73 49 42 39 36 32 31 29 
117 108 98 96 95 90 87 82 80 76 
49 45 38 33 32 31 28 25 21 
51 49 47 46 42 40 38 37 33 
42 39 31 30 29 24 23 16 
30 24 20 19 18 17 16 15 
199 182 169 168 164 161 138 135 132 
52 47 38 37 33 31 26 
45 41 38 35 33 31 29 28 27 26 
721 720 719 718 717 716 715 
44 42 37 35 33 25 20 
46 39 38 37 34 30 28 26 21 
119 117 113 111 107 103 97 92 82 74 
152 135 133 117 113 111 110 103 97 
114 73 63 59 56 55 45 37 35 33 
146 124 105 89 80 77 74 71 70 
51 47 44 41 38 36 30 23 19 
124 123 120 111 106 105 100 98 93 81 
41 40 39 34 31 30 27 26 
173 164 150 144 141 137 135 133 125 
36 32 27 25 24 22 19 12 
52 47 46 43 40 39 38 37 36 34 
75 52 51 44 39 38 37 
132 126 103 92 91 84 82 78 65 
60 57 51 50 48 47 45 43 41 
56 53 52 48 46 45 44 43 42 35 
102 60 58 46 45 42 40 
37 29 27 25 24 22 18 12 
58 57 54 48 47 38 
35 34 28 26 25 23 20 17 13 
61 51 48 47 45 44 39 32 
38 36 34 27 25 24 20 
168 141 134 123 121 119 114 107 106 
56 54 49 48 46 45 41 34 31 
94 86 79 75 73 72 69 67 58 54 
129 103 101 98 91 86 85 77 67 
39 38 36 30 26 25 21 
76 67 61 58 57 52 49 45 
106 105 92 91 90 85 83 77 76 
66 57 54 53 50 43 42 39 34 
26 22 20 18 17 15 14 12 
65 64 61 56 55 52 51 40 39 33 
80 74 71 67 61 58 57 50 47 45 
33 31 30 25 22 20 19 12 
32 27 23 21 20 19 18 17 16 15 
228 70 68 67 59 57 50 45 38 
51 49 41 36 32 26 25 24 
67 66 64 63 61 58 53 52 40 
75 63 56 51 48 46 40 36 35 33 
45 43 39 37 36 33 32 
67 60 54 50 49 44 38 
86 83 78 71 68 66 63 55 52 38 
77 72 65 63 61 58 56 55 
44 36 21 15 14 13 10 8 7 
183 172 159 156 150 139 133 131 130 125 
70 56 52 45 44 43 37 35 33 
112 111 103 96 91 90 87 74 66 60 
30 26 25 21 19 18 17 14 
38 37 35 34 32 30 26 22 20 
64 63 61 54 47 43 37 31 29 
38 34 30 29 28 26 22 21 18 
110 109 107 99 96 95 93 92 89 
25 24 21 19 16 15 13 10 8 
100 81 68 65 59 52 51 49 39 
233 217 199 159 149 142 139 134 130 123 
130 122 119 118 117 111 91 90 81 
122 95 93 92 83 82 81 78 76 65 
66 58 55 54 53 49 42 37 33 
87 80 63 60 59 57 56 54 51 
58 54 49 47 42 41 40 
40 31 30 29 28 26 15 
22 21 20 19 18 17 13 
417 188 179 172 159 140 136 135 132 125 
36 33 31 30 28 26 22 20 18 16 
67 57 48 47 46 40 32 29 28 17 
63 57 55 54 53 51 46 45 
96 91 89 86 85 84 83 79 71 
47 43 42 39 38 37 33 29 
67 51 50 40 39 35 32 18 
136 128 113 111 109 101 96 87 85 
121 50 47 44 42 41 36 35 32 
77 72 63 62 55 54 48 46 43 
124 123 119 118 112 109 107 102 90 75 
97 92 79 78 77 73 71 68 
96 89 78 70 69 66 55 54 52 46 
52 44 42 39 31 
36 34 32 30 29 28 25 19 16 
18 17 15 14 12 11 10 
39 33 29 28 27 26 20 
41 31 27 26 23 22 21 18 
53 49 47 46 45 43 41 37 35 
34 28 27 21 20 19 18 12 
178 174 117 93 88 86 83 80 70 
30 28 27 22 20 19 18 16 
54 48 47 43 41 40 37 29 28 
52 27 26 25 19 16 15 
93 91 89 80 79 77 67 66 61 
28 26 23 22 15 14 11 10 
57 55 47 42 39 37 32 28 24 
41 38 37 36 35 33 29 28 19 
27 16 14 12 11 7 4 
109 105 104 97 94 82 78 74 73 
45 33 32 31 29 28 27 16 
65 54 53 51 46 45 37 35 
59 48 47 45 40 38 37 34 33 
67 61 55 50 47 41 40 34 
95 85 76 70 66 64 63 53 49 
84 80 77 70 67 65 63 57 52 
750 67 65 60 58 51 49 44 
122 82 79 72 68 66 59 54 50 
136 130 124 117 111 105 102 85 82 
81 70 56 55 48 47 46 39 
97 96 90 89 88 85 83 80 79 71 
43 39 36 30 29 28 27 26 20 
150 145 140 133 131 120 119 115 112 110 
120 93 92 88 86 82 78 71 65 62 
109 94 83 81 77 67 66 65 63 
180 178 166 160 147 141 140 119 118 
41 40 31 30 28 27 24 23 21 
83 59 58 55 51 43 39 36 30 27 
69 56 45 44 42 41 36 34 
40 39 38 36 35 33 30 29 27 
120 117 110 109 103 97 92 91 
51 40 36 34 30 25 24 22 
25 24 21 18 16 14 12 11 10 
58 40 37 34 32 31 25 21 19 
134 123 111 104 93 89 83 80 72 57 
304 96 95 84 81 80 69 67 65 64 
43 41 40 38 35 34 30 27 26 22 
82 58 54 53 47 43 42 41 
40 39 35 34 31 25 21 16 
33 32 29 28 25 23 21 18 
21 19 18 15 14 13 11 10 
91 86 83 78 75 70 67 66 58 
148 138 137 130 112 111 108 95 85 81 
29 28 27 25 24 19 18 15 
62 47 44 38 37 31 29 27 
30 26 24 23 22 21 19 18 
94 80 76 73 66 61 53 40 
101 96 93 87 85 82 74 62 58 
35 32 31 30 25 23 18 16 
36 34 28 26 22 21 17 
82 78 77 70 67 66 57 47 
22 19 18 17 16 15 13 9 7 
171 77 73 60 54 53 52 36 
60 45 42 40 36 35 33 32 22 
50 40 38 36 35 30 
37 33 31 25 24 21 20 16 15 
35 34 32 27 25 22 20 19 16 13 
101 93 89 88 84 80 71 67 66 65 
100 95 87 63 56 52 50 49 
39 38 37 33 28 25 23 22 17 
92 77 76 70 69 53 46 36 
750 348 347 28 26 25 21 15 
42 41 31 30 28 27 26 23 20 
42 36 30 28 22 21 17 14 
22 21 19 18 17 16 15 14 
146 138 123 119 112 110 106 104 96 
106 105 104 103 99 98 94 92 91 68 
36 34 29 25 24 22 20 
82 66 64 62 57 55 54 50 49 40 
113 90 87 83 79 72 67 66 57 55 
109 95 92 81 79 76 72 68 55 47 
58 54 49 47 45 40 39 28 
121 116 93 85 84 82 75 71 68 
155 151 149 147 141 130 128 127 124 
86 85 82 79 76 71 65 
55 48 46 43 42 40 32 30 
71 66 63 56 53 52 49 48 42 37 
49 43 38 37 35 34 32 29 
51 42 41 40 36 34 31 30 25 
80 49 46 43 42 40 35 29 27 
123 109 108 91 90 86 83 82 80 78 
129 55 48 46 43 42 40 34 
44 42 39 37 35 33 31 30 29 
51 44 42 39 38 35 32 30 
63 58 52 47 44 43 39 34 30 
381 74 68 62 59 57 55 53 51 39 
67 66 61 57 51 50 47 46 43 41 
32 31 24 23 20 18 16 12 
72 62 58 57 54 53 43 40 
47 42 36 35 30 28 24 23 20 
72 64 63 59 58 57 53 52 51 
122 97 89 80 68 58 57 56 43 
78 34 33 30 29 28 27 21 
130 117 107 101 97 91 82 73 72 
95 68 63 59 57 53 51 37 36 
132 131 126 110 107 100 88 87 72 
79 62 46 45 41 40 39 36 34 
66 64 55 54 52 51 47 45 32 31 
56 45 44 42 40 37 33 31 27 23 
29 25 23 21 19 17 15 
92 83 78 76 68 66 60 56 54 51 
46 44 43 41 40 38 35 31 
58 56 53 46 45 44 38 36 32 31 
53 52 45 44 43 41 40 35 31 30 
128 108 107 76 75 73 61 60 55 48 
81 72 70 65 63 55 54 51 49 
49 39 37 25 23 21 18 15 11 
37 36 34 32 30 28 27 19 
83 77 76 75 72 71 69 58 
101 94 88 87 76 74 70 69 66 
28 27 24 23 22 21 
37 35 34 33 31 29 24 
80 79 74 57 56 52 48 47 43 
81 80 72 69 67 60 57 51 49 46 
95 93 78 77 76 75 72 66 65 
39 38 35 30 28 20 19 18 
64 63 62 54 52 50 45 44 30 
48 47 43 40 38 37 33 30 27 
40 38 37 33 31 28 23 
90 83 78 75 73 72 70 58 53 
92 90 80 73 70 58 56 50 45 
105 96 94 91 90 83 82 81 
63 55 54 53 52 50 46 43 40 
117 111 104 102 97 88 87 79 73 54 
56 50 48 47 42 41 39 37 36 
750 61 59 57 51 49 43 37 30 
101 89 81 79 76 72 70 67 63 56 
130 125 124 121 110 108 104 96 91 90 
49 41 35 31 30 28 27 23 
148 125 119 117 116 114 111 109 79 
51 48 44 41 39 37 34 33 32 
114 103 87 85 84 78 69 68 39 
50 47 33 30 29 27 26 24 15 
74 73 66 52 50 49 46 43 41 39 
129 111 87 83 78 76 75 69 
95 94 88 82 80 79 73 70 
48 44 42 40 39 38 34 28 
83 79 77 76 75 67 63 59 55 53 
69 55 40 38 35 34 33 25 24 
109 35 34 31 29 28 26 25 16 
49 39 31 30 27 23 19 17 15 
41 39 36 32 30 29 16 14 
112 110 107 98 88 87 81 79 72 
89 82 76 72 67 56 55 52 49 42 
79 73 70 69 46 44 40 39 33 31 
72 67 61 59 56 53 51 47 34 
77 72 68 66 62 61 59 58 57 
179 49 48 40 35 34 27 25 
28 25 21 18 16 13 
46 41 35 32 31 29 23 21 
66 58 55 54 51 48 46 43 36 
37 28 26 24 23 21 17 16 
46 41 38 34 33 31 30 27 26 
65 54 53 50 46 45 44 43 38 32 
49 40 39 38 37 33 32 31 23 
64 55 53 48 44 41 40 37 
66 62 55 50 49 44 42 39 29 
39 36 28 27 26 25 20 16 15 
85 76 72 66 58 50 46 45 44 39 
91 54 50 49 48 44 41 40 36 
42 41 39 38 35 32 31 24 20 
160 155 152 140 130 129 128 127 121 
39 36 33 32 29 26 23 20 14 
106 95 86 84 81 77 68 62 61 58 
155 146 141 126 124 118 114 110 103 102 
26 20 18 15 14 13 12 11 
97 89 82 81 80 79 75 73 70 
142 133 124 123 122 120 119 115 102 97 
439 86 85 77 75 72 68 62 54 
90 89 87 85 81 77 75 73 69 
75 67 64 53 51 49 43 40 39 
80 73 68 67 58 56 52 51 50 
169 30 29 28 25 23 22 21 18 17 
119 106 99 97 96 90 89 84 80 
45 43 42 40 31 30 28 27 25 
62 29 26 25 20 17 15 
35 30 27 23 22 21 17 
60 52 50 49 40 39 37 35 
108 101 90 85 82 78 77 64 
78 77 72 71 65 60 59 56 
54 50 49 48 45 42 41 
134 120 119 112 106 101 97 96 83 78 
216 188 170 166 164 157 152 138 133 130 
48 44 38 35 28 27 26 24 17 14 
162 133 130 119 114 100 99 97 85 74 
130 112 104 102 101 99 98 96 81 
84 69 68 67 63 62 59 56 51 
188 173 170 168 166 161 160 159 156 152 
33 31 29 28 24 23 22 20 
51 49 43 37 36 34 32 28 25 24 
162 145 142 128 123 119 111 104 96 94 
41 40 35 33 32 30 20 19 16 
52 40 37 36 35 32 23 20 18 15 
38 35 34 33 31 28 26 19 
288 281 226 217 213 201 199 198 192 189 
54 49 36 35 34 33 32 25 
105 91 89 84 82 73 69 66 65 
53 51 49 47 46 45 40 34 
199 197 185 183 176 173 167 163 155 
72 69 67 65 63 62 61 58 53 
129 100 96 93 89 86 81 79 62 
31 30 29 23 22 18 17 15 7 
83 77 64 62 55 53 50 45 37 
48 43 42 38 35 31 29 23 22 
39 35 33 30 29 21 20 18 
130 119 117 115 114 110 105 104 98 
75 61 45 38 37 31 29 28 26 25 
96 89 86 84 82 77 65 63 57 
209 176 157 151 140 137 134 125 122 108 
21 15 13 12 11 9 
33 28 26 21 20 19 18 14 11 
82 78 76 74 63 58 55 53 52 44 
58 55 50 49 44 43 38 36 32 26 
60 56 54 52 50 47 46 45 44 
57 55 53 50 47 38 36 32 28 
84 76 71 70 64 61 59 58 53 46 
49 46 43 40 38 37 31 23 21 
66 61 60 56 47 46 44 43 37 
98 90 84 83 81 78 75 57 50 
97 95 94 88 73 68 64 61 57 
549 144 140 124 117 107 105 102 99 90 
54 50 49 39 35 33 28 21 17 
48 44 38 36 35 33 32 31 29 26 
72 69 66 63 61 52 50 45 
108 102 99 94 89 87 82 73 
27 26 24 23 19 18 12 11 
149 133 127 114 113 111 106 105 
72 71 59 57 53 48 46 40 
63 54 53 49 47 46 42 35 
29 26 24 23 22 21 18 17 
53 47 46 45 41 35 31 
36 34 32 29 27 21 
76 60 48 46 44 42 37 27 25 
165 158 157 156 153 147 135 123 120 
129 111 100 98 83 72 67 66 61 51 
33 25 24 21 19 18 17 12 
46 45 44 43 40 39 38 23 
26 25 21 18 17 15 
77 69 68 63 58 50 49 45 44 39 
41 32 31 27 26 25 24 15 14 12 
34 29 28 27 26 23 16 13 
84 73 63 62 55 48 47 46 42 
34 30 29 24 23 20 
21 20 19 18 17 16 14 8 
77 71 56 55 50 46 42 38 26 
58 41 34 31 30 25 23 22 20 
46 44 43 38 35 32 27 
61 55 52 47 46 43 35 34 33 27 
37 36 30 29 27 26 25 24 23 16 
71 66 62 58 42 41 37 35 
48 46 41 35 32 30 29 27 24 
37 32 31 26 23 19 18 
107 98 94 92 89 84 81 74 68 54 
41 35 32 29 25 24 22 
57 52 48 46 45 42 36 
65 59 56 55 44 41 40 28 
115 100 97 87 83 75 74 72 64 
90 74 73 71 70 68 67 66 59 
95 83 75 73 71 67 66 65 
60 56 46 43 42 41 39 38 
96 81 75 74 70 69 59 52 
132 111 106 104 97 96 93 92 84 
78 76 73 72 70 67 64 63 62 56 
26 21 19 16 15 13 12 
52 50 49 48 42 39 31 29 
94 72 60 57 49 46 43 40 37 
24 21 20 18 16 15 12 11 
37 32 31 30 28 24 22 19 13 
52 38 35 31 29 26 22 21 19 
43 40 37 36 30 29 25 
39 37 36 30 29 25 23 22 
50 43 36 34 32 28 25 
61 55 53 48 45 40 39 35 27 
51 49 47 45 44 41 40 36 33 30 
93 81 77 68 65 64 60 51 
204 186 178 170 165 159 156 152 138 137 
123 117 115 114 113 111 102 95 94 93 
56 47 44 39 38 34 33 26 25 
29 25 23 18 17 16 14 
89 81 78 77 72 70 69 65 60 52 
79 64 61 59 56 54 50 44 37 33 
81 73 67 66 65 62 61 60 
64 61 56 47 41 39 37 35 33 
71 66 60 58 54 53 49 44 43 36 
60 52 48 47 46 44 41 27 
56 50 49 41 40 39 38 32 
62 59 55 54 53 52 46 43 
63 38 36 33 30 29 24 22 20 15 
105 94 93 91 88 81 77 69 60 
49 46 45 42 40 39 34 26 
38 31 28 27 26 24 23 20 16 14 
54 51 50 48 47 42 36 33 25 
100 42 41 32 29 28 26 20 19 13 
50 34 31 28 24 22 21 20 
75 70 67 61 60 59 58 52 45 
81 68 66 58 52 49 47 44 
45 39 37 35 33 31 29 25 
61 60 49 48 47 41 39 38 34 
37 32 31 30 28 26 24 20 17 
60 58 53 49 48 45 42 41 39 30 
450 91 74 72 70 66 63 62 55 41 
43 41 33 26 25 20 
33 29 26 24 22 19 18 17 16 
190 188 157 143 140 124 115 110 99 89 
110 96 85 82 81 80 79 
273 217 216 196 168 162 146 142 135 
69 67 60 56 54 53 52 48 47 
68 59 56 54 52 46 43 38 23 
55 49 47 43 37 30 21 18 
149 144 143 120 117 106 104 89 84 82 
95 88 87 82 76 74 65 61 59 
57 51 48 45 40 36 35 33 
97 96 89 84 79 78 76 68 
194 192 184 182 179 172 162 155 129 
112 95 79 76 73 71 68 57 56 49 
91 86 82 78 75 69 66 64 62 61 
89 86 81 77 75 74 65 61 
119 92 90 88 84 82 80 75 68 
207 201 176 172 170 159 147 140 138 
750 60 59 56 53 52 51 47 34 
344 47 43 41 35 34 33 32 
79 75 68 66 65 62 60 52 
75 66 60 55 52 51 50 48 45 
84 81 75 68 65 58 54 51 49 47 
151 127 114 110 105 102 97 96 93 79 
73 65 59 58 53 52 48 40 39 
137 132 124 122 120 119 115 113 111 103 
44 40 35 34 28 27 25 24 
31 28 27 26 24 22 21 18 
43 36 34 32 25 23 22 18 11 
384 48 44 31 30 23 22 18 12 11 
49 32 25 23 22 21 20 17 
34 26 23 20 19 18 17 9 
80 79 68 62 61 59 56 55 54 52 
189 157 156 154 145 140 128 124 
83 72 67 63 56 50 47 
47 42 40 39 34 32 31 25 19 
49 44 33 32 27 19 17 
75 66 62 61 56 53 50 44 
29 28 26 23 22 21 20 18 15 
45 44 42 40 37 34 33 31 28 
32 31 28 27 24 23 20 19 15 
60 52 46 37 35 34 28 26 19 
36 29 24 22 19 18 17 9 8 7 
32 29 28 27 24 20 19 9 
80 78 77 73 70 69 68 64 
59 55 52 49 46 35 
119 106 88 83 73 67 58 
28 27 25 24 23 22 20 18 
206 184 158 154 153 147 138 137 130 
50 47 43 38 33 31 30 29 25 
73 58 55 54 51 46 45 
203 180 179 171 170 165 164 162 155 154 
74 68 65 52 50 48 47 42 
45 43 42 38 31 30 29 25 16 
52 49 48 45 43 41 40 
206 190 187 184 183 182 180 172 171 161 
42 41 35 34 32 24 17 16 
169 153 142 137 126 125 123 118 106 88 
59 56 53 50 47 40 39 
60 54 52 48 45 44 43 41 
42 35 34 33 29 28 25 
50 45 35 30 26 25 18 16 
47 44 43 42 37 35 29 27 26 
70 62 61 52 50 46 42 41 40 35 
750 72 63 59 58 56 53 51 48 
58 46 42 40 38 37 33 32 27 25 
32 31 30 29 21 20 19 18 16 
55 52 49 48 45 44 42 
55 51 48 46 45 41 40 37 
85 76 56 49 42 38 37 34 20 
53 52 50 49 47 46 41 38 35 33 
102 96 95 83 82 78 74 58 57 
37 35 31 30 29 25 24 22 
24 23 21 16 15 14 10 
47 45 44 43 38 36 35 34 33 28 
143 123 113 111 108 106 100 99 98 87 
26 22 18 16 15 14 12 9 
86 79 78 67 60 55 53 52 49 42 
28 25 24 23 22 21 18 17 7 
81 75 73 72 67 66 65 62 60 
44 39 38 34 30 29 27 25 
73 72 70 68 66 52 45 37 
39 34 32 28 27 24 22 17 16 
113 99 90 89 84 74 63 
63 56 55 51 46 42 36 34 
40 38 37 36 33 30 26 22 
71 58 54 53 52 51 48 47 39 34 
76 65 61 57 51 48 42 24 
39 36 34 32 28 27 25 24 22 
131 127 126 105 102 97 94 92 87 78 
51 42 40 37 32 30 27 23 
33 28 27 24 22 19 17 12 
66 61 57 38 36 35 34 
161 149 137 133 131 123 116 112 109 103 
39 35 34 33 30 29 27 20 
26 22 20 19 16 14 13 
69 50 47 45 37 35 33 31 21 
121 119 110 103 99 95 91 90 85 83 
44 43 36 32 30 29 28 22 21 20 
56 48 43 35 34 27 26 24 22 
81 78 70 69 59 55 54 49 
132 126 117 112 111 107 99 90 85 83 
42 32 31 29 27 25 23 21 
79 67 65 63 60 56 55 54 47 42 
35 30 28 25 23 22 21 17 
61 55 54 52 45 42 41 40 35 
29 25 21 20 19 18 
114 100 90 87 86 85 81 80 68 
80 77 74 73 72 71 66 63 62 
135 130 110 103 102 99 96 90 84 
70 61 57 45 43 42 40 21 
37 26 24 21 18 17 15 12 
70 63 60 58 56 52 50 48 42 
70 60 59 58 57 54 48 43 36 33 
78 68 60 57 53 46 45 44 39 
89 79 73 72 71 69 67 64 58 
41 35 32 28 27 26 21 20 
92 67 61 56 55 53 42 39 
74 67 65 64 62 52 48 
31 28 25 24 21 20 18 14 
280 271 256 248 247 234 227 226 211 207 
28 25 23 21 18 17 15 11 
52 45 44 39 37 36 33 28 22 21 
115 63 55 51 45 44 41 38 29 
29 27 25 23 21 20 18 17 
81 80 79 74 70 68 66 58 55 52 
90 85 68 57 53 49 43 42 38 
34 33 28 26 25 24 21 17 
80 73 70 67 58 56 54 52 47 
46 35 32 31 28 26 25 24 21 
103 67 61 53 51 50 48 38 37 25 
101 75 58 55 53 51 47 37 36 
148 124 121 116 101 99 98 92 86 
89 88 86 80 79 75 73 66 63 45 
124 106 101 98 93 87 84 83 82 74 
59 55 48 38 37 33 32 29 24 
55 40 34 33 32 28 26 25 22 17 
94 92 81 79 72 70 60 57 56 55 
82 63 60 54 52 50 44 40 38 
102 83 75 61 60 54 52 
106 91 90 86 85 69 66 63 60 
45 37 33 28 25 24 22 
98 95 92 87 85 73 63 60 55 34 
51 49 43 42 37 29 26 24 15 
32 27 26 24 19 18 8 
115 109 101 99 91 87 86 
89 88 78 76 73 71 70 67 59 56 
160 158 146 139 138 120 113 106 88 
60 38 36 33 28 27 26 20 
81 76 69 67 64 60 57 54 52 50 
35 34 33 32 30 28 27 25 23 
750 64 60 59 58 53 52 45 43 35 
21 19 17 15 13 12 10 
27 22 21 20 19 15 
238 110 103 101 95 94 88 86 84 
28 24 19 18 16 15 13 11 
107 100 99 89 84 82 77 73 62 
52 51 49 48 42 39 38 37 
54 53 48 47 42 41 40 36 33 
107 101 89 86 82 80 73 65 61 59 
29 28 26 18 17 16 15 13 
220 35 30 29 27 26 24 21 17 
145 110 104 102 89 85 75 72 68 59 
35 31 24 20 19 18 
102 95 92 81 80 70 64 62 
91 76 74 63 56 52 51 46 34 
43 37 33 30 28 27 24 18 
42 38 37 35 32 30 28 22 
24 19 18 17 16 14 11 
106 96 87 82 79 76 72 65 63 58 
88 79 65 57 48 47 42 39 32 
35 34 31 27 23 22 21 
61 41 39 36 34 31 30 27 26 21 
750 29 28 25 24 23 19 17 
42 33 29 24 23 22 21 18 
51 49 47 45 44 40 39 37 27 
107 103 97 88 83 80 77 69 67 
44 35 34 33 29 28 26 23 20 18 
103 93 85 80 77 66 64 61 56 
54 51 44 42 40 37 35 30 22 
142 119 108 97 95 92 73 67 65 
66 58 55 51 49 48 44 42 37 25 
53 48 42 38 36 34 27 20 
86 78 77 71 59 58 56 53 
83 69 64 62 60 57 55 53 
99 83 82 72 71 69 66 62 57 
55 48 45 44 43 42 41 38 36 34 
750 56 45 42 38 37 34 31 27 24 
55 54 51 49 48 46 42 40 
59 56 41 38 33 30 29 24 
150 113 106 99 97 95 88 84 65 63 
55 48 45 44 42 41 40 37 
32 31 30 29 23 22 21 18 14 
37 32 31 30 28 25 24 22 19 
60 57 54 53 49 48 46 43 35 33 
75 74 70 67 65 64 62 60 
287 65 57 54 53 44 41 38 31 
161 132 118 116 112 107 101 96 95 
127 89 85 84 73 69 65 63 62 58 
43 36 34 32 29 28 27 23 21 
295 287 258 246 222 207 182 180 173 152 
57 51 49 46 43 42 37 35 32 26 
42 37 34 33 32 30 27 26 24 17 
42 38 37 31 30 29 28 27 
46 43 42 41 39 35 24 20 
48 47 45 39 34 31 29 28 26 
172 35 27 26 23 19 18 17 16 13 
68 53 43 40 36 35 33 32 30 
181 153 146 132 131 129 128 120 
76 74 73 72 70 69 64 55 49 
50 41 40 37 31 27 26 25 24 23 
43 42 41 38 35 34 30 28 22 
94 69 64 39 30 25 23 22 15 
91 63 59 54 44 43 42 33 
60 44 43 35 33 30 28 27 23 
42 35 33 30 27 23 19 17 
77 67 59 55 52 51 49 46 41 38 
88 76 72 70 66 63 59 52 48 
187 177 175 171 162 149 139 136 135 
254 202 193 144 136 135 133 123 121 116 
66 42 39 37 35 34 25 23 20 
54 49 41 40 38 37 36 33 30 
39 38 35 31 30 29 20 
133 124 121 117 114 106 101 100 89 84 
102 101 90 85 78 70 69 66 54 
72 56 52 44 41 38 34 31 27 14 
23 16 15 14 13 12 10 8 
34 29 26 25 23 20 17 16 15 
43 30 29 28 25 23 
82 72 67 61 50 49 48 44 40 
62 58 49 46 44 40 38 37 32 30 
169 156 148 147 146 139 138 135 132 126 
142 118 108 95 92 80 79 76 74 
47 39 35 29 26 24 21 19 
63 59 57 54 51 49 44 38 35 32 
78 75 68 67 65 64 59 57 49 
42 35 33 32 30 26 24 18 
74 69 66 62 61 54 53 52 50 
61 50 49 46 43 40 36 35 
43 42 38 30 29 27 25 21 17 
53 52 47 45 37 35 32 30 28 
44 35 34 32 28 24 21 18 
35 34 28 26 24 18 15 13 
63 56 49 46 44 42 29 28 
38 36 33 32 28 23 22 21 
43 38 36 31 30 26 25 23 20 
26 24 22 20 16 13 9 
61 57 56 55 53 52 51 49 47 
77 75 73 69 65 64 61 60 53 
69 58 57 55 52 48 47 46 45 43 
97 90 86 81 78 72 69 67 56 46 
170 55 48 46 45 44 39 27 
184 172 167 157 146 145 143 141 109 
72 69 67 60 54 51 42 39 
103 93 84 80 74 67 65 59 54 
68 61 58 48 46 44 36 35 31 29 
94 92 88 87 86 85 81 77 75 74 
77 75 71 61 60 54 53 51 50 42 
387 66 61 51 50 33 32 26 22 
41 32 31 29 28 25 22 17 
251 54 44 43 39 35 31 30 20 
45 42 40 38 37 36 29 25 24 
46 45 42 38 37 34 31 30 29 
79 75 72 69 67 64 59 54 50 49 
60 47 44 41 40 35 29 25 
46 42 40 39 37 30 29 28 19 
82 76 73 66 61 59 55 51 48 
56 52 40 39 37 35 31 29 25 
76 70 68 65 60 56 51 44 42 41 
75 68 67 56 54 51 45 41 
46 38 35 31 29 28 24 23 16 
50 31 24 23 22 21 20 19 18 15 
40 33 27 25 24 23 20 18 
81 76 71 68 62 55 54 40 34 
83 57 53 41 40 38 35 34 32 
30 29 26 25 24 23 20 15 
117 106 91 90 86 85 79 77 76 65 
111 83 72 68 65 63 59 58 
35 34 32 28 25 22 20 17 16 
49 47 45 44 39 38 36 25 
74 53 46 42 37 36 33 31 22 
182 178 145 132 128 127 122 117 114 
66 56 54 52 47 46 41 37 
33 26 25 21 20 18 17 11 
81 68 64 58 57 54 52 50 46 
32 30 25 24 22 21 20 19 18 
70 62 60 57 53 48 47 37 31 29 
283 276 262 260 257 256 254 243 242 241 
52 40 37 32 28 25 20 17 
84 48 40 37 29 28 26 23 18 
63 58 46 45 44 39 37 27 23 
48 47 35 32 29 25 24 19 17 15 
26 25 20 19 18 17 15 
112 95 81 80 75 74 72 62 
38 35 34 33 29 27 
529 67 66 64 63 62 57 52 46 
750 26 25 19 18 16 15 14 11 
72 70 69 67 64 58 51 49 42 
47 44 35 33 32 31 30 26 25 23 
58 57 55 49 48 47 43 42 39 
27 24 19 17 16 14 13 12 11 
34 33 31 28 27 26 25 21 20 
116 110 107 106 105 103 99 97 87 85 
51 44 42 41 40 39 38 31 
100 95 77 56 53 52 50 40 36 
40 37 34 27 23 22 11 
87 50 42 40 34 33 30 26 22 
45 42 40 37 35 31 30 27 26 25 
33 30 29 27 26 25 23 21 18 16 
56 54 50 48 43 42 38 32 22 
82 68 65 59 58 56 54 50 
105 103 101 94 92 84 74 71 
41 32 31 26 23 15 12 
50 40 35 34 33 30 28 27 13 
85 82 81 76 74 73 65 64 55 
90 89 85 76 74 72 67 66 61 
45 42 40 38 35 33 30 28 27 
476 270 265 85 83 81 77 63 
41 39 37 36 29 27 25 22 
135 116 109 107 105 102 94 91 89 78 
24 23 21 20 15 14 13 9 
34 32 27 25 22 19 17 16 12 
68 52 45 44 41 39 34 32 28 
193 135 128 126 121 117 115 113 111 103 
54 49 44 39 36 34 32 29 
54 49 46 45 41 39 36 34 
48 47 46 41 36 34 30 25 
32 30 26 25 24 22 
43 38 37 36 35 33 29 27 
47 37 31 28 22 20 14 13 
64 50 49 47 46 37 35 30 28 
86 85 75 70 66 65 63 62 60 52 
49 28 27 24 23 21 18 17 15 10 
44 41 40 38 35 34 32 29 23 
110 106 104 103 100 90 88 87 83 81 
54 45 41 36 34 31 30 25 
