10 750 7 
69 65 82 70 69 45 75 54 50 47 76849
49 52 34 38 43 27 28 28 32 38 91582
206 187 162 150 138 150 140 137 145 143 70852
29 36 51 41 29 35 34 37 25 22 93926
89 76 62 49 55 35 68 44 62 39 88108
50 46 54 36 56 37 46 43 29 51 84046
23 17 10 29 19 11 19 19 14 11 95179
169 170 142 133 154 143 145 150 129 141 73660
49 51 47 44 46 46 33 52 34 39 90861
59 34 46 29 45 33 25 29 29 31 90381
99 63 69 65 97 43 58 72 46 57 87404
18 26 23 15 18 25 22 46 40 20 92226
36 52 42 46 36 35 44 33 48 36 85711
750 94 84 64 72 82 73 61 75 64 88989
30 48 43 30 45 27 32 30 28 30 91142
58 43 46 27 51 44 47 31 33 46 88705
51 35 45 38 42 26 33 45 32 27 91237
77 60 63 70 70 59 59 55 40 75 86605
29 20 31 13 29 27 35 27 24 23 91514
63 69 72 58 71 62 49 55 55 53 86473
59 39 50 52 50 42 40 38 51 45 89970
43 50 44 36 42 20 25 45 31 32 92388
63 99 64 60 65 61 69 61 46 76 94016
65 36 32 36 41 29 92 30 24 74 85047
31 38 28 28 31 17 25 26 20 22 93386
87 84 84 84 91 89 97 82 73 63 94062
55 43 45 40 37 27 43 44 52 34 87033
40 24 22 20 46 35 25 27 24 33 92962
106 105 70 111 65 82 53 102 76 71 88384
67 59 59 66 46 62 40 69 62 65 84522
62 63 39 39 33 56 29 29 34 27 88790
20 19 34 11 15 27 22 19 26 11 96757
59 83 51 39 40 24 54 36 43 38 80965
178 138 147 169 159 128 134 111 115 122 89490
51 45 46 38 34 21 51 25 25 41 87960
48 48 33 44 20 33 35 35 18 40 88250
61 79 54 56 50 41 37 45 42 46 90466
38 50 40 50 26 38 28 23 34 24 93215
31 22 35 14 25 17 17 21 14 19 94682
101 76 76 74 61 70 72 65 52 71 81214
39 60 43 53 55 45 42 47 51 59 88292
28 13 20 17 13 21 13 26 16 29 95469
47 48 38 56 25 40 37 25 45 29 93582
156 143 172 135 124 115 131 127 166 127 64825
53 67 48 57 50 30 44 59 41 45 82386
38 25 22 21 13 26 22 20 27 25 95491
52 51 51 26 35 26 32 40 35 26 88293
59 55 57 48 49 43 52 51 51 55 90673
106 94 109 85 111 88 72 95 88 88 84120
30 30 23 20 27 35 18 27 41 18 93858
87 79 75 75 83 66 51 44 79 65 79265
125 109 110 87 88 83 90 84 79 66 90932
40 51 44 56 40 27 33 31 42 20 89191
116 83 82 83 82 91 66 64 65 79 90825
140 144 122 126 100 144 140 134 133 112 77972
97 132 101 87 104 89 88 80 79 82 71167
20 32 13 19 21 29 25 17 27 14 93024
67 66 70 49 50 46 54 59 58 51 88191
39 44 34 37 22 39 54 57 69 34 91968
62 54 52 43 41 35 51 41 34 37 83417
30 31 20 30 23 26 29 34 14 29 94868
35 35 25 21 24 24 43 32 26 24 94990
57 61 59 51 58 47 53 62 59 49 83801
70 54 46 51 59 54 54 51 47 60 92518
587 233 220 221 199 220 230 227 225 212 61302
48 33 43 47 54 42 36 22 30 30 93287
42 47 46 59 44 38 31 35 34 44 91070
82 73 67 83 84 82 69 64 86 71 95702
53 55 54 50 47 48 53 55 42 49 94799
750 43 38 32 26 47 39 29 44 38 85875
33 27 24 49 42 26 27 47 22 23 94060
33 30 40 36 26 36 31 25 40 19 90420
38 40 38 45 28 31 39 33 41 36 82248
104 96 95 82 92 87 95 87 84 73 89026
42 36 36 22 29 58 36 35 24 25 90548
41 65 63 34 37 38 46 33 40 37 86879
175 145 132 122 148 130 131 118 141 101 86594
44 42 33 28 53 28 37 33 37 30 91951
115 97 78 81 100 108 89 78 79 90 90303
35 24 29 22 37 28 19 21 25 19 93923
75 75 43 58 51 39 60 43 52 36 92030
103 73 79 86 65 68 71 89 100 77 77824
29 31 28 38 31 31 25 30 29 29 95683
131 153 131 121 113 95 120 115 95 106 89450
23 31 16 17 13 15 15 14 24 28 94234
38 31 43 23 26 29 36 28 35 25 93082
63 62 61 57 65 35 62 66 72 42 82761
79 66 83 53 63 52 62 57 55 80 86461
54 44 19 43 43 34 37 33 19 31 94394
57 31 29 31 35 37 30 45 26 35 83107
33 26 35 31 32 38 39 51 32 36 87957
112 104 95 83 81 76 119 98 73 82 83908
36 22 23 16 26 21 27 23 24 18 90448
66 33 34 41 56 35 26 19 23 33 89294
43 28 40 35 30 39 31 35 38 34 93709
80 132 79 69 71 73 68 46 83 58 76235
105 88 86 88 95 94 70 71 58 62 89944
40 36 35 39 43 46 43 41 38 37 93136
24 39 25 18 30 28 23 38 21 24 95660
86 86 89 88 72 73 55 55 57 53 92462
25 28 27 19 24 25 23 20 20 17 95341
75 79 60 60 64 52 54 54 47 57 80851
56 82 81 60 61 55 66 88 55 75 86064
47 50 51 72 42 43 44 43 38 48 90396
100 67 80 62 78 52 62 72 82 57 81627
63 54 47 66 51 42 68 50 51 57 87104
635 104 102 77 85 73 76 93 68 76 90430
614 102 92 92 94 97 82 89 96 90 78944
109 106 120 88 106 116 79 87 114 89 91897
58 76 74 80 54 78 59 56 65 63 81756
74 76 84 61 65 58 91 78 75 66 81235
64 56 64 46 64 78 47 78 64 55 86574
82 86 53 70 54 71 59 59 38 63 76532
50 52 39 52 52 34 57 34 46 54 94575
92 27 14 30 23 11 12 19 14 22 91796
58 52 42 26 22 48 40 50 24 29 89792
25 16 24 21 26 29 30 25 32 39 87909
39 39 43 32 26 29 41 40 33 33 87680
54 50 45 54 42 54 42 37 26 22 89126
605 68 110 70 102 61 79 37 49 48 89390
72 85 94 60 73 71 79 89 65 72 88222
33 28 34 20 21 32 36 22 14 22 93320
133 136 121 102 98 110 115 127 107 100 75014
34 19 26 18 26 25 22 27 30 27 90711
147 127 110 92 106 98 97 95 73 89 87513
48 37 43 55 41 34 53 36 37 40 92136
62 62 60 55 53 63 59 56 46 57 84551
51 33 31 36 41 29 23 28 39 28 88486
84 72 66 51 74 60 51 62 48 45 91654
24 28 23 19 26 11 13 11 18 14 95915
22 17 24 30 25 25 45 19 13 20 92372
85 88 86 74 84 76 91 61 79 78 71980
32 31 30 23 15 15 17 19 23 17 95665
69 68 60 63 58 61 72 47 73 50 82993
750 32 19 25 18 22 18 25 31 25 87286
36 19 31 31 26 17 33 23 20 19 92022
59 56 74 49 52 60 45 49 37 61 83145
49 60 64 55 63 48 52 47 50 44 87696
101 97 65 77 54 38 43 69 60 61 89271
68 73 68 70 71 52 47 55 71 72 89799
117 121 114 97 80 85 103 106 86 68 90069
51 37 39 31 31 42 41 27 35 37 96253
116 88 91 78 81 78 79 63 96 81 84099
45 51 34 39 38 34 36 47 36 45 93259
27 25 39 30 23 26 28 17 31 21 93924
38 27 39 31 28 26 25 26 23 23 92206
66 39 51 50 33 47 38 39 38 29 92304
322 335 314 254 144 92 133 100 104 84 71277
61 52 79 50 32 53 59 60 59 43 85707
31 35 30 35 24 32 34 24 21 19 94097
62 43 30 47 35 43 31 19 32 20 87841
50 53 34 42 36 47 50 59 45 36 89251
92 79 85 94 89 100 63 88 78 114 84039
27 21 19 24 26 19 17 11 33 11 93768
111 99 110 119 102 90 88 85 98 95 77073
53 52 45 35 45 34 48 40 46 31 91091
121 114 100 92 90 83 85 97 88 91 89685
26 38 28 33 27 27 24 34 32 24 90347
41 38 32 40 40 30 29 26 34 23 85844
89 92 79 78 88 79 69 51 64 70 88004
66 45 47 41 29 31 46 43 36 32 90498
37 42 42 38 39 36 36 23 30 21 92409
61 47 38 48 42 42 36 51 51 29 83936
48 42 33 44 38 35 22 45 37 43 83740
129 114 103 124 106 105 82 94 90 107 84989
45 36 36 51 29 31 37 36 33 34 92952
34 29 27 26 28 30 41 35 30 24 88929
72 46 53 56 66 48 61 76 60 44 88345
51 67 65 42 50 61 45 46 42 65 83891
31 39 19 27 36 21 28 27 25 27 93320
103 108 116 97 100 87 71 94 76 82 88117
70 39 37 53 39 33 43 39 35 59 89701
103 66 80 61 64 69 55 90 59 58 76308
35 39 37 26 38 25 34 25 52 31 93131
84 57 71 69 73 53 51 62 57 48 89408
43 39 40 34 37 37 41 33 61 41 84172
58 66 59 60 55 35 39 46 54 31 86955
73 59 58 30 47 41 40 47 36 53 80393
28 33 27 24 31 33 44 21 29 20 94112
56 31 34 29 32 27 29 31 37 28 87430
41 57 37 45 26 24 22 27 23 28 94300
96 82 65 97 77 45 64 74 56 54 90923
15 19 13 25 16 24 13 15 22 26 96172
25 28 21 21 30 31 22 36 20 18 94902
50 35 46 39 37 40 34 44 44 36 88322
67 35 61 56 31 42 28 52 53 27 92341
30 41 44 33 32 43 26 42 33 38 95044
40 34 33 38 30 29 39 33 28 30 94550
56 42 45 46 44 49 35 47 41 50 85557
45 18 36 24 24 23 24 19 21 38 90856
102 106 89 78 70 70 60 53 88 65 81584
38 21 19 22 28 32 15 22 20 18 93863
26 51 36 30 29 33 25 32 18 29 86134
401 93 64 60 45 49 77 68 61 50 80638
87 95 97 84 73 88 63 86 58 80 73410
35 37 31 34 19 40 28 26 28 17 93648
62 89 69 90 74 74 81 64 70 50 77527
133 104 130 112 113 111 87 98 82 85 91024
20 25 30 32 37 16 21 23 22 24 94248
101 73 85 70 61 62 64 84 62 73 83114
65 66 59 45 64 59 49 48 53 55 79444
45 46 39 44 61 46 28 41 39 43 85164
83 67 67 59 84 63 72 43 58 60 74531
40 40 43 44 28 38 55 43 35 37 90954
95 55 61 60 42 40 54 56 56 41 88515
144 108 94 90 104 74 83 103 62 68 85904
30 28 36 29 37 24 21 30 19 27 93319
72 60 62 44 50 49 59 55 48 43 92408
37 27 48 33 29 33 18 23 21 28 90840
58 60 68 42 45 45 30 29 51 44 87789
68 66 47 67 56 59 55 58 50 50 88629
31 14 16 20 13 20 16 10 12 21 96608
34 33 24 36 42 30 28 36 32 30 95564
59 52 55 55 46 49 35 35 35 46 89095
113 79 104 91 92 89 95 80 78 87 74792
29 27 20 15 23 17 23 23 25 18 91705
24 25 23 17 22 33 12 9 23 17 94826
34 18 37 21 20 17 28 36 30 27 93679
70 74 59 59 54 61 72 58 50 47 79812
102 89 102 80 74 94 72 75 70 94 84512
41 23 25 19 38 30 36 28 30 24 96231
106 82 106 84 108 85 75 89 70 91 91937
32 17 31 25 33 43 38 35 38 39 89139
52 47 38 33 42 33 40 33 40 33 86241
87 57 50 69 51 54 40 68 45 80 85418
142 132 135 128 134 109 132 109 96 94 73430
195 184 175 180 158 192 142 141 153 129 85161
33 16 17 18 16 11 17 32 31 23 94520
102 104 97 94 89 86 79 103 83 72 87153
42 35 35 36 16 30 20 13 24 20 94698
112 124 104 86 99 93 73 84 86 61 77676
38 36 27 50 44 25 22 24 37 27 89495
34 15 27 15 23 29 16 15 18 16 92557
35 38 25 32 24 25 29 25 36 26 90279
48 52 37 40 51 46 52 52 56 44 83546
229 151 128 106 143 110 127 168 104 134 82157
109 95 102 95 110 101 107 91 90 107 76941
59 57 47 63 73 63 37 47 50 54 87966
36 17 48 35 26 39 42 18 14 15 90549
104 58 65 63 45 67 56 47 50 64 91642
67 50 47 50 76 71 59 55 57 43 80079
25 21 14 14 13 15 14 18 25 25 95560
65 71 52 80 44 52 42 61 65 45 89974
40 45 47 34 37 20 38 31 23 29 92169
139 126 116 105 134 110 121 116 106 98 79375
233 214 209 202 209 185 198 185 173 182 80743
54 52 47 54 42 39 50 65 60 39 82654
86 71 73 60 50 61 52 54 55 40 90832
90 90 97 88 73 68 95 104 97 87 73064
119 137 128 113 135 107 101 91 95 111 87628
90 76 67 61 77 57 69 80 59 66 79591
88 60 64 60 83 66 64 62 59 61 92252
118 104 98 87 87 104 87 72 81 69 88130
42 44 45 30 26 35 45 26 40 34 96506
90 103 94 84 76 86 72 73 64 64 84628
57 44 42 31 41 74 32 52 42 23 93861
98 96 96 72 70 57 71 103 88 81 76086
63 49 74 67 61 63 48 66 69 62 90202
56 70 76 67 57 47 44 57 51 57 80362
96 79 82 87 73 59 64 62 78 60 72834
77 99 79 90 64 70 53 72 45 56 85279
290 179 104 26 28 22 24 24 22 24 95000
144 100 98 83 85 136 88 79 80 91 79190
221 145 135 141 112 128 91 93 105 103 83196
61 75 54 50 57 31 53 33 35 50 89221
128 115 107 95 76 79 73 121 84 79 82504
51 41 56 53 64 34 31 34 41 26 89532
208 90 118 126 105 110 108 122 100 109 87229
29 15 20 15 10 19 7 15 25 30 95498
74 60 51 62 44 42 46 48 74 61 83643
22 25 26 25 23 31 26 20 27 23 94432
73 42 39 36 39 75 49 31 29 32 85563
108 90 117 82 80 95 96 87 76 98 73168
38 33 49 28 31 21 25 32 28 45 94704
47 51 46 33 33 37 40 49 38 42 82436
31 31 42 30 23 23 39 29 24 16 94268
30 17 24 16 20 17 17 19 18 15 96644
182 169 168 161 199 164 132 135 138 135 80573
52 33 31 37 26 37 38 47 38 37 90656
45 41 35 26 29 27 33 38 28 31 94362
721 721 717 718 720 719 715 717 721 716 53517
37 35 25 37 35 42 33 35 20 44 89877
39 28 38 30 26 46 21 34 37 26 90176
113 107 117 111 119 97 92 82 74 103 73504
152 133 135 113 117 97 103 97 111 110 86140
114 63 73 55 59 35 45 56 33 37 90236
146 124 89 77 80 74 71 105 80 70 90280
44 47 38 41 23 47 30 51 19 36 92290
124 111 120 100 123 81 106 105 93 98 89042
39 40 41 30 34 26 27 34 34 31 93071
173 164 173 150 133 135 137 144 125 141 84874
36 22 24 19 32 24 27 25 12 24 89228
36 46 47 34 39 40 52 43 38 37 95634
52 51 38 75 51 44 39 37 37 52 79845
132 92 103 78 91 84 82 126 65 82 90906
51 57 60 45 43 47 48 47 41 50 86046
43 45 53 48 44 52 56 42 35 46 93405
60 45 42 58 45 46 102 40 60 45 90489
37 27 22 29 12 22 24 25 22 18 92217
57 54 47 38 47 38 54 57 58 48 78629
28 20 17 34 13 26 34 35 25 23 95316
48 47 61 47 32 61 51 39 44 45 89992
36 25 27 27 34 25 24 20 38 27 94685
168 119 123 114 119 141 121 107 106 134 84556
48 56 49 46 54 45 48 41 34 31 91162
86 75 69 79 67 73 94 72 58 54 81264
129 103 98 85 67 91 101 101 86 77 79884
36 36 30 25 21 38 39 26 39 36 87987
49 52 57 57 61 76 49 67 58 45 75688
105 90 92 106 91 83 85 76 77 90 89845
66 53 57 50 39 42 43 54 43 34 94211
18 12 20 26 15 22 14 20 14 17 95906
61 65 51 52 39 55 56 40 33 64 92218
71 58 80 47 57 61 50 74 67 45 89701
20 33 30 20 31 25 12 19 19 22 96037
32 21 15 23 19 18 17 27 20 16 94100
228 59 70 67 50 38 68 57 45 45 91490
49 25 41 51 24 41 32 26 36 36 88758
61 58 67 61 53 52 63 40 64 66 90509
75 63 46 56 51 35 33 36 48 40 93852
33 43 32 37 39 45 36 33 39 37 91932
49 60 50 67 50 38 44 60 54 60 84240
68 83 63 78 71 38 86 52 55 66 77474
65 58 63 72 61 56 55 65 65 77 84691
44 36 14 15 21 13 10 7 8 15 96350
156 139 183 133 172 125 130 159 150 131 65725
70 56 43 44 33 52 45 37 35 45 93713
112 96 103 111 91 87 74 90 66 60 87466
30 19 26 19 25 14 18 17 21 18 93216
37 38 20 26 30 34 22 32 22 35 90373
63 61 64 47 31 43 54 43 37 29 85482
29 34 30 26 18 21 28 22 38 22 89829
109 110 95 107 99 96 95 93 89 92 72711
24 25 21 21 16 13 10 8 19 15 95749
100 65 81 51 68 59 39 81 49 52 92181
233 217 199 159 149 142 130 139 134 123 67327
111 91 111 119 130 117 81 122 118 90 82511
122 83 81 78 82 95 92 93 65 76 86669
66 53 42 49 58 54 37 33 49 55 93019
80 57 59 54 56 51 51 63 87 60 77090
40 49 54 41 42 47 58 42 47 49 83925
29 40 29 28 28 30 15 31 28 26 94270
17 19 18 19 22 20 21 13 22 19 94932
417 159 188 179 172 140 136 132 125 135 83046
26 30 28 31 18 36 33 16 20 22 95725
47 48 57 46 67 29 17 32 40 28 93202
51 63 55 57 63 63 46 45 53 54 92209
96 84 89 79 91 91 86 85 83 71 77063
39 29 29 38 42 43 43 37 33 47 85784
39 32 51 35 39 40 67 39 50 18 91079
136 109 128 113 96 111 85 101 96 87 91579
121 50 42 44 41 32 36 47 35 50 92850
77 54 63 55 43 72 48 62 46 63 77144
118 119 123 109 124 90 112 102 75 107 88518
97 97 71 92 77 77 68 79 78 73 82703
89 69 96 52 78 66 54 70 55 46 82578
42 44 44 42 52 44 39 31 52 39 85528
30 19 25 28 25 16 34 29 32 36 92795
15 17 17 12 15 18 10 11 15 14 96112
28 28 28 26 27 39 33 26 29 20 92223
27 23 31 41 26 18 22 22 18 21 95448
47 49 53 43 41 46 37 35 45 49 92813
28 21 34 19 18 12 27 20 34 18 92986
178 83 174 88 70 86 80 117 93 88 70005
27 27 30 22 28 20 16 30 18 19 93841
54 37 41 40 48 29 47 43 28 43 87876
26 25 52 27 26 25 15 16 25 19 90377
91 93 77 67 80 66 89 79 67 61 82768
28 15 22 26 11 23 15 14 15 10 95949
57 55 32 37 47 39 39 28 24 42 87067
28 38 37 33 41 29 36 19 35 28 88275
27 14 14 12 14 16 4 11 16 7 96357
109 105 94 82 104 97 78 78 74 73 82885
28 31 32 29 29 32 16 33 45 27 94489
65 51 53 37 54 45 51 46 35 51 82288
45 37 40 38 34 38 48 33 59 47 88539
61 55 55 67 41 40 34 55 50 47 84982
95 85 76 66 70 53 63 64 49 70 81354
80 84 77 65 57 57 67 70 52 63 89492
750 60 49 65 51 67 67 44 44 58 82563
122 82 68 66 72 50 54 59 79 50 74922
130 111 136 117 124 102 82 82 105 85 82622
70 81 55 47 48 48 56 39 48 46 94109
96 88 71 90 79 83 85 89 97 80 88111
29 29 20 36 28 26 30 39 43 27 90894
145 150 119 133 115 112 131 140 110 120 80092
86 88 78 82 120 65 62 92 93 71 89467
109 94 77 81 77 63 65 83 67 66 81597
178 160 180 119 166 141 147 140 147 118 66995
40 27 21 23 41 23 31 24 28 30 90109
83 30 59 51 58 55 39 43 27 36 89542
69 41 56 42 44 36 42 45 34 41 91756
40 38 38 36 27 39 33 29 35 30 94686
120 103 110 110 92 91 117 97 103 109 74179
51 22 25 30 36 24 34 24 22 40 93353
21 11 16 25 24 10 14 24 12 18 96751
21 40 34 37 58 31 32 19 25 32 89440
134 111 104 123 93 83 72 89 80 57 77189
304 84 95 69 96 80 67 65 64 81 82686
35 40 41 43 22 30 38 26 34 27 90179
47 41 54 54 53 42 43 58 43 82 87723
39 31 35 21 31 34 21 16 25 40 89598
33 29 32 21 25 21 23 29 28 18 94715
18 11 15 10 13 15 21 19 14 11 96194
91 58 75 78 86 67 83 66 75 70 71822
148 138 130 108 111 137 112 81 95 85 85333
24 28 19 28 15 27 18 29 18 25 92273
62 44 47 29 31 37 44 38 27 31 90181
30 23 18 24 26 23 22 21 19 26 93353
94 80 73 61 66 73 53 40 40 76 83044
101 85 82 87 74 58 62 87 93 96 83866
31 35 25 18 23 32 25 18 30 16 91724
26 26 34 22 28 28 22 36 17 21 93606
82 78 82 47 77 78 57 70 66 67 92967
22 15 7 13 9 19 13 16 18 17 94578
171 77 73 52 53 60 54 36 52 53 87875
40 35 60 45 36 32 36 42 22 33 91036
50 30 40 35 36 38 36 35 35 40 95214
33 15 21 31 21 37 16 20 25 24 90728
32 22 27 16 35 25 13 19 20 34 94266
101 89 80 88 67 84 93 65 71 66 79407
100 87 56 95 56 63 52 50 52 49 93473
33 25 23 38 39 28 37 39 17 22 91078
92 76 77 70 69 53 36 69 70 46 84502
750 347 348 28 28 25 26 21 28 15 94644
31 41 23 42 28 20 30 26 27 30 93291
42 14 30 17 36 36 21 30 22 28 91857
19 19 18 22 21 17 15 18 16 14 95316
138 146 112 123 106 104 119 104 96 110 86091
103 98 91 105 99 104 106 92 68 94 86961
34 34 20 20 24 20 29 25 36 22 95924
66 55 64 82 50 57 49 62 54 40 90946
87 90 72 113 79 66 83 55 57 67 80503
109 95 68 79 72 92 81 55 47 76 75534
49 39 58 45 39 54 49 47 40 28 89346
116 121 71 84 85 75 93 68 71 82 78961
147 149 155 151 124 128 141 130 124 127 68524
76 76 82 79 71 85 76 86 82 65 82963
55 48 43 48 46 42 32 40 30 43 89984
53 56 42 49 71 66 52 48 63 37 83717
49 35 35 37 38 37 43 29 32 34 86305
41 34 51 40 42 36 36 25 30 31 94635
80 43 27 46 35 42 35 49 40 29 91673
86 108 109 82 91 90 80 78 83 123 74740
129 46 42 34 48 43 55 42 40 43 94471
44 42 37 33 35 44 30 39 29 31 93948
51 35 30 44 39 38 32 42 35 32 93164
63 58 43 44 52 34 47 30 39 47 85318
381 74 62 59 53 57 68 39 51 55 84624
51 57 61 41 66 67 50 47 46 43 88638
31 18 12 23 24 20 16 18 31 32 90456
58 54 58 72 57 62 43 43 53 40 90038
23 28 42 35 47 36 24 20 24 30 87980
59 64 64 52 72 51 53 63 58 57 77766
122 97 80 89 58 56 57 43 68 89 77791
78 30 34 21 28 30 33 27 34 29 94342
117 130 117 107 82 97 91 73 72 101 89116
68 95 57 63 63 59 51 53 37 36 85260
132 131 110 107 126 87 100 88 87 72 91126
79 62 46 34 41 39 45 46 36 40 94236
52 45 66 31 51 64 55 32 54 47 87445
56 44 31 45 33 23 37 27 40 42 88204
19 21 25 15 17 17 29 21 23 17 94318
83 92 78 76 68 60 54 66 51 56 88676
35 46 44 38 41 38 31 43 43 40 92709
58 53 45 56 32 44 31 38 36 46 87510
40 45 44 43 35 41 30 31 52 53 87727
128 108 107 76 75 61 48 73 55 60 83781
81 65 63 72 70 54 55 51 49 54 85034
49 39 25 37 18 21 23 11 39 15 94335
36 34 32 28 37 19 30 32 37 27 91411
76 77 69 75 76 72 83 71 58 75 78293
101 74 94 66 88 69 76 70 87 74 86822
28 21 21 24 23 21 22 23 21 27 93530
37 31 29 35 33 24 33 34 29 24 91632
74 56 52 80 48 48 43 57 79 47 88893
80 81 72 60 67 69 57 46 51 49 87937
93 78 76 75 66 65 95 77 72 93 76016
38 39 38 35 19 30 18 28 18 20 93854
64 63 62 54 30 50 45 44 52 44 90672
43 40 37 27 47 30 27 38 48 33 91208
33 23 37 38 31 40 38 38 23 28 92015
90 70 70 78 83 73 72 53 58 75 86540
80 92 73 70 90 50 45 56 58 45 90929
82 105 94 83 81 96 90 91 81 81 71716
63 54 43 50 43 52 55 53 40 46 91277
111 87 117 97 102 104 88 73 79 54 93089
41 37 39 50 47 48 36 56 42 41 90291
750 49 59 51 43 30 61 43 37 57 85576
81 79 70 101 67 72 63 76 89 56 79205
125 130 121 124 96 110 91 108 90 104 87512
49 41 49 30 31 27 23 35 28 41 89198
148 125 119 117 114 119 111 109 79 116 88523
51 44 39 37 34 48 41 32 41 33 91333
87 85 114 84 87 103 68 78 39 69 79872
33 47 50 33 26 29 27 24 15 30 95050
74 73 43 52 66 50 46 41 49 39 91168
129 111 87 87 78 83 69 83 75 76 88517
95 80 82 88 73 70 94 88 95 79 85193
34 39 38 44 40 42 48 34 40 28 86287
75 63 67 76 55 77 79 83 53 59 89239
69 38 34 40 25 55 35 33 24 33 93669
109 35 28 29 34 26 31 29 16 25 95507
31 27 49 23 17 39 30 15 19 19 90903
39 32 36 41 30 29 30 41 14 16 92064
110 88 81 112 98 87 107 72 88 79 88419
89 72 56 67 76 49 82 55 52 42 77075
69 70 73 44 40 33 31 46 39 79 83488
59 72 61 56 53 61 47 34 51 67 86430
77 66 68 61 58 59 62 72 57 72 94713
179 49 40 40 35 27 48 34 40 25 90099
16 21 28 25 21 13 28 18 21 13 91663
46 32 29 31 35 23 41 29 23 21 93485
55 51 58 43 36 46 43 54 66 48 88814
21 21 17 28 23 37 24 16 24 26 90644
41 46 33 38 26 34 31 31 27 30 85266
46 44 65 53 54 32 43 50 45 38 93819
49 39 38 31 40 33 31 37 32 23 93536
55 64 41 55 53 48 40 48 37 44 87555
55 39 44 49 62 39 42 66 29 50 90890
25 39 28 25 15 36 20 16 27 26 93716
58 85 45 66 44 76 50 72 46 39 82322
48 91 49 44 48 50 41 40 54 36 89094
35 41 38 32 31 42 20 24 39 32 90909
152 155 140 130 121 128 127 127 129 160 86426
29 39 23 32 26 26 36 33 20 14 92989
95 81 106 86 61 77 68 58 84 62 90003
155 146 141 114 126 118 102 110 124 103 83536
18 13 12 14 11 15 12 26 20 26 95241
79 75 97 81 73 80 79 70 82 89 78420
123 120 142 133 119 124 97 115 122 102 86990
439 85 77 75 86 72 72 54 68 62 91477
87 85 73 81 85 69 77 90 89 75 90193
64 40 67 49 75 40 43 53 39 51 84117
68 67 73 52 51 56 67 58 80 50 86646
169 30 25 22 28 29 18 17 21 23 93010
106 119 99 89 97 84 99 80 96 90 89864
42 43 27 45 28 31 25 30 27 40 92031
15 62 25 26 29 29 29 20 20 17 94445
27 35 27 23 23 21 17 30 22 21 93003
60 50 52 49 49 39 35 40 39 37 95216
78 108 90 82 77 101 85 64 77 77 72082
60 77 78 65 56 65 72 59 71 59 86675
54 50 48 45 49 41 42 45 45 45 91851
119 134 112 106 96 101 120 97 78 83 78525
216 164 157 170 188 130 138 133 166 152 87533
38 48 44 24 17 27 26 35 28 14 94800
162 130 133 114 119 100 74 97 99 85 86925
130 112 104 98 101 99 102 81 102 96 81955
68 67 69 56 84 62 59 51 59 63 79003
188 166 170 161 173 159 152 160 168 156 84662
31 23 33 28 22 23 29 24 20 20 92086
37 51 36 32 34 49 28 24 25 43 88029
145 142 162 123 119 128 104 96 111 94 80576
33 40 41 16 32 20 30 19 35 20 86599
32 52 18 23 40 35 37 20 15 36 92705
31 31 26 28 33 38 31 35 34 19 94823
288 281 213 199 226 217 201 198 189 192 75109
54 54 35 36 33 35 49 34 32 25 95195
91 73 66 89 91 69 82 65 105 84 72527
40 46 46 53 47 49 34 51 34 45 91324
199 197 185 185 183 176 173 155 163 167 66885
63 67 62 69 65 72 53 58 61 69 89562
129 86 96 89 100 81 93 81 79 62 71614
22 31 29 18 30 17 7 18 23 15 91713
83 45 77 64 62 37 50 55 53 53 90030
48 42 31 35 43 35 38 22 23 29 95345
33 39 21 30 29 20 35 29 18 21 90722
130 130 117 115 114 110 98 105 104 119 86483
75 61 31 45 38 29 26 28 25 37 92995
63 96 82 86 77 84 65 65 57 89 71832
209 134 137 140 151 122 125 176 108 157 85501
11 11 15 9 15 12 21 12 9 13 96415
28 19 21 33 20 18 18 26 11 14 95929
55 63 58 78 52 53 82 74 76 44 91662
43 49 44 55 36 58 32 38 50 26 91342
60 50 52 47 54 44 56 50 45 46 90785
57 50 28 53 55 36 38 32 47 57 87816
84 76 64 59 70 53 61 58 46 71 85689
37 40 38 49 40 23 21 46 31 43 89487
47 66 46 44 61 56 43 66 60 37 90262
84 78 75 90 98 81 50 83 75 57 90726
97 94 73 68 88 57 61 64 68 95 95593
549 140 144 90 99 124 107 105 102 117 75847
54 33 28 49 39 35 28 50 17 21 91428
35 44 29 33 26 31 36 38 48 32 92367
69 61 72 45 50 66 63 63 45 52 90269
108 89 102 94 73 102 99 82 87 73 85470
26 18 23 12 23 27 24 11 19 23 96274
149 113 111 114 105 133 105 111 127 106 78019
72 71 46 59 53 40 40 57 59 48 93128
47 63 46 35 42 54 46 53 49 47 89721
17 23 22 18 22 21 22 29 24 26 92698
46 53 31 47 41 45 41 35 45 45 89849
36 29 32 21 34 27 36 36 32 21 89378
76 60 37 46 44 42 48 46 25 27 80665
158 156 147 165 153 120 135 157 135 123 78814
100 98 111 129 67 83 51 72 61 66 84039
33 25 12 17 24 19 18 21 12 17 95681
45 40 46 46 43 44 40 38 23 39 90552
25 26 15 21 17 21 18 17 18 18 96379
68 45 69 44 39 50 58 63 77 49 85505
41 12 15 24 31 32 26 27 25 14 92860
29 34 23 23 13 26 28 27 29 16 96284
84 62 42 73 63 55 46 55 48 47 82143
34 23 34 30 30 24 20 20 29 34 90358
20 14 21 19 16 17 17 14 8 18 95789
55 56 77 26 71 38 46 50 42 38 84418
58 31 30 22 41 25 30 20 34 23 91748
44 35 43 46 35 38 32 44 27 38 90440
47 61 46 52 34 43 35 27 55 33 89869
37 26 27 25 36 24 29 16 23 30 90397
62 71 35 66 58 37 42 41 62 37 85448
46 41 35 29 30 30 32 24 48 27 87272
37 32 19 26 23 31 18 18 26 19 94196
74 107 94 81 89 98 84 54 92 68 66616
35 32 41 22 29 25 24 22 25 25 90591
45 48 46 48 52 57 42 48 46 36 91979
55 65 59 55 59 40 56 41 44 28 90864
115 97 100 75 74 87 64 83 72 100 83832
74 70 90 71 70 73 66 68 67 59 86195
73 95 71 66 75 83 66 65 83 67 76135
56 46 46 38 43 41 60 42 42 39 95361
96 69 74 75 70 75 52 81 59 74 78820
111 132 96 93 106 97 104 97 92 84 78168
76 73 62 70 78 67 64 72 56 63 89989
16 26 19 21 16 21 15 13 16 12 96299
31 29 50 50 42 49 48 52 42 39 87634
94 72 49 46 49 37 43 60 57 40 86188
12 20 24 11 15 18 18 24 16 21 95430
37 30 31 28 24 32 22 13 24 19 92158
52 31 38 26 35 29 35 21 22 19 92413
40 36 43 40 37 29 30 25 25 29 93174
37 39 22 25 30 29 36 22 23 25 88527
43 43 25 50 28 34 32 36 32 28 87548
55 45 61 39 39 27 48 35 53 40 85945
51 49 44 41 30 40 33 47 45 36 84582
93 81 81 77 68 68 64 65 51 60 90366
204 186 178 152 165 170 137 138 156 159 65863
115 113 102 117 95 114 93 111 94 123 74512
56 47 44 47 34 38 25 33 39 26 92523
29 17 23 14 18 25 16 17 18 17 93569
52 60 65 72 89 69 78 77 70 81 79083
79 61 54 64 44 37 56 33 50 59 85488
73 62 65 62 60 65 66 81 61 67 81367
56 61 47 35 64 39 37 37 33 41 87450
54 71 66 60 43 58 53 49 44 36 77181
60 52 46 44 46 48 47 41 41 27 92379
49 39 40 38 56 50 41 32 38 38 93404
53 62 46 59 59 43 52 55 54 55 78090
63 38 30 36 29 22 15 24 20 33 93385
93 105 69 77 69 91 88 81 94 60 82530
45 45 49 40 39 46 39 42 26 34 84007
38 23 31 27 16 20 26 24 28 14 92402
36 47 33 48 51 25 51 54 50 42 89308
100 32 29 28 13 19 26 42 20 41 92704
50 31 31 24 20 28 21 28 22 34 91701
61 58 67 45 59 67 70 52 60 75 88605
81 68 47 68 52 66 66 49 58 44 91257
33 31 37 35 39 45 31 31 29 25 91559
48 49 47 41 38 39 60 41 61 34 87551
37 26 32 30 17 20 31 28 24 26 94520
60 58 45 48 49 53 41 42 30 39 83398
450 91 74 63 62 70 66 72 55 41 87047
43 33 41 20 26 25 25 25 20 41 95012
33 19 29 22 16 24 26 18 17 17 90585
190 188 143 157 140 110 99 124 115 89 85603
110 96 79 85 80 82 81 80 82 81 84640
273 217 216 196 146 168 142 162 217 135 83830
69 47 67 52 53 56 47 60 54 48 90686
56 68 52 59 46 52 38 43 54 23 88670
30 43 18 21 30 37 49 30 47 55 86272
144 120 143 106 104 149 117 82 89 84 84816
95 76 76 87 88 82 74 59 65 61 80134
40 57 45 51 36 35 48 57 33 36 87176
89 84 96 97 78 68 76 79 76 89 91466
192 194 184 179 182 162 172 172 129 155 65064
112 73 79 95 71 76 68 57 49 56 91786
86 64 91 78 69 61 82 66 75 62 84528
75 61 86 89 81 74 77 61 65 89 85734
119 84 92 82 88 90 75 68 80 75 83280
207 201 176 170 140 172 147 138 159 138 86569
750 59 56 60 34 52 53 51 59 47 82358
344 47 41 43 32 33 35 35 34 43 93420
62 65 68 65 52 66 60 75 79 52 89365
75 50 66 55 50 60 52 51 48 45 89075
75 84 65 68 54 81 51 47 49 58 92408
151 127 110 114 96 102 79 105 93 97 84095
65 53 48 52 59 40 39 52 73 58 92257
124 132 119 103 111 115 137 122 120 113 68669
44 27 35 34 25 24 40 28 24 24 91263
28 31 18 26 22 27 21 26 26 24 91435
36 34 25 23 32 11 22 43 22 18 94566
384 48 31 12 18 44 11 22 30 23 92129
25 49 17 21 23 20 20 22 32 22 91232
19 34 26 23 20 17 17 9 18 17 94331
54 68 59 55 52 80 62 61 79 56 79928
189 156 154 145 140 157 124 128 154 140 87341
83 63 50 67 72 50 56 56 63 47 88851
42 39 47 32 40 25 25 31 19 34 94003
44 49 49 32 17 19 27 32 33 27 94001
62 61 75 50 53 56 44 50 66 66 75136
29 22 21 22 26 20 28 18 23 15 94856
42 42 45 37 28 34 44 31 40 33 91800
28 32 19 27 20 24 31 23 31 15 94118
60 52 46 37 46 28 34 19 35 26 87883
36 9 22 24 19 17 7 29 8 18 95007
29 29 27 24 28 9 20 32 32 19 92198
80 77 64 69 73 77 78 77 70 68 92525
59 52 55 55 46 49 35 35 35 46 89095
119 119 83 73 88 106 58 58 83 67 89755
27 24 24 23 28 20 20 22 25 18 94816
206 158 184 138 154 130 147 147 153 137 70517
50 38 47 43 31 29 30 29 25 33 90871
58 51 45 46 73 46 55 58 54 54 87595
203 180 165 170 164 162 155 179 171 154 63078
68 74 74 65 48 47 42 48 52 50 94605
42 25 43 31 38 29 16 31 45 30 94822
40 48 43 41 48 43 40 52 45 49 83796
184 183 187 180 206 171 190 161 172 182 67755
32 24 17 35 24 34 16 41 24 42 89150
169 142 118 137 106 153 123 126 125 88 66657
50 53 47 50 59 40 56 40 39 47 86829
52 41 44 52 48 45 54 60 48 43 82043
33 42 25 28 29 34 35 28 29 28 90355
45 50 18 16 26 30 35 25 25 25 92486
44 37 47 26 42 35 43 29 27 29 96010
70 62 42 46 41 40 61 35 52 50 90117
750 72 56 53 58 58 48 59 51 63 82208
42 58 40 27 38 33 37 46 32 25 83998
18 32 29 32 21 31 30 19 16 20 90531
45 42 49 48 49 44 49 55 48 52 90580
46 45 37 41 51 48 41 40 55 37 90780
56 38 38 37 42 76 85 49 20 34 92030
53 50 35 38 52 47 33 46 49 41 88771
82 74 96 83 57 102 78 95 74 58 88681
35 22 31 29 30 31 37 25 30 24 89084
15 23 21 10 14 24 15 16 16 14 95230
36 35 44 38 43 34 45 33 47 28 89453
123 98 113 143 111 106 108 99 100 87 81283
12 14 26 9 16 15 18 18 22 12 94549
86 79 78 67 53 49 60 55 52 42 88688
18 24 21 23 28 22 17 25 21 7 93774
81 73 75 72 67 66 66 62 60 65 93656
38 39 29 27 30 29 44 25 27 34 87539
70 68 66 70 72 37 66 52 73 45 84840
39 28 28 32 34 24 16 27 22 17 93300
99 113 84 63 84 89 90 84 89 74 78391
56 55 46 63 51 36 42 34 42 36 92983
38 30 40 37 33 26 22 26 36 37 92112
71 58 53 39 48 52 34 51 54 47 83205
76 65 24 24 51 57 57 42 61 48 85741
32 27 39 34 28 28 24 22 25 36 90055
131 127 126 94 105 102 87 92 97 78 88331
40 27 42 30 42 51 23 37 30 32 90237
28 24 22 33 17 27 24 19 22 12 94145
57 61 38 66 61 57 34 35 34 36 89610
161 116 133 131 137 123 109 149 112 103 86774
39 30 33 39 34 27 29 27 20 35 89082
26 14 22 19 20 13 16 16 19 13 96921
69 50 35 47 31 31 37 45 21 33 93683
119 99 103 121 83 90 85 91 110 95 87972
36 32 20 44 43 29 21 22 28 30 94692
56 48 35 34 24 43 27 24 22 26 92949
81 70 59 49 69 55 54 55 78 49 94104
126 111 117 85 90 112 107 99 83 132 74306
42 32 25 25 21 32 27 29 23 31 92969
67 79 63 54 55 65 60 56 47 42 88307
30 25 22 28 22 35 21 17 23 30 88232
55 52 45 42 55 40 35 61 41 54 92771
18 21 19 25 25 19 25 18 29 20 93874
114 100 100 80 85 90 68 86 87 81 89026
74 80 63 72 73 62 71 63 77 66 92486
110 110 99 96 130 90 135 102 84 103 68239
61 70 40 40 45 57 43 42 21 40 86368
18 21 12 24 24 17 37 18 26 15 94666
60 70 63 50 63 56 42 52 58 48 80643
57 70 58 60 54 59 43 33 48 36 86357
78 68 60 53 44 46 57 57 39 45 89683
72 64 64 73 58 79 69 71 89 67 76773
27 21 20 35 28 26 41 20 20 32 87724
55 67 92 53 61 55 56 39 56 42 87942
74 67 52 65 62 48 52 48 52 64 91659
25 21 18 14 21 20 24 31 14 28 93789
280 271 256 247 234 227 248 226 207 211 59605
28 21 21 25 18 17 23 18 11 15 95399
39 44 33 21 45 36 37 28 52 22 89011
115 41 44 51 38 45 63 44 55 29 90028
29 25 23 27 18 20 17 17 21 17 90151
79 81 55 80 58 52 68 74 66 70 86418
85 68 53 90 49 57 42 38 43 43 87480
17 24 33 24 26 34 25 28 25 21 89559
80 73 70 67 47 58 56 52 54 54 86575
32 26 35 31 25 24 46 31 21 28 87304
103 67 53 51 61 48 25 50 37 38 83781
101 51 36 75 53 55 58 37 47 47 93823
148 124 121 92 116 99 98 86 101 98 85967
88 86 80 63 75 73 45 66 89 79 86028
98 106 84 82 83 87 101 124 74 93 91353
59 55 55 38 48 37 32 24 33 29 84080
55 40 26 17 28 34 32 25 22 33 91755
94 79 81 56 72 70 55 60 92 57 81190
54 60 52 44 63 82 38 40 50 38 88232
102 83 61 52 54 54 60 75 54 52 82044
85 106 86 91 86 69 90 63 60 66 89089
33 45 28 37 45 25 24 22 25 25 91024
87 95 73 92 63 60 85 55 98 34 95206
43 42 26 51 37 49 29 24 15 29 89808
27 26 27 32 19 19 24 18 8 19 93457
109 101 99 91 91 115 86 87 91 91 80001
88 78 76 73 67 59 71 89 70 56 76454
158 146 160 138 120 113 139 106 106 88 72448
60 28 38 33 36 27 36 27 26 20 89027
76 81 64 67 60 52 69 57 54 50 90372
25 34 30 27 23 28 35 33 32 27 93885
750 53 52 59 64 35 43 60 45 58 89703
19 12 10 17 19 15 19 13 15 21 95620
20 15 19 27 21 15 21 20 21 22 96124
238 95 101 86 110 84 103 88 84 94 80129
19 18 16 15 13 16 28 24 18 11 96378
73 77 89 84 100 99 73 107 62 82 87835
48 51 42 52 38 39 49 38 37 49 93420
42 41 47 54 53 36 33 48 40 33 87830
89 73 61 107 86 82 80 65 59 101 84059
29 29 26 28 17 15 16 18 13 26 95021
220 35 29 27 30 21 21 17 26 24 92810
145 110 89 68 85 102 75 104 72 59 87398
31 19 20 35 19 19 19 18 24 19 95323
102 95 92 81 80 80 95 64 62 70 87717
63 52 63 74 56 91 46 34 76 51 84105
33 30 43 28 24 30 18 37 27 27 88961
35 37 42 28 28 28 32 38 30 22 95000
19 14 18 14 24 16 11 18 18 17 93844
106 76 87 79 96 82 72 58 65 63 77805
88 48 57 65 39 88 79 47 42 32 88503
34 35 27 21 27 31 21 23 21 22 91468
61 41 36 31 26 21 34 30 39 27 93254
750 24 23 19 19 29 23 28 17 25 94047
29 33 24 18 23 18 42 22 21 29 92683
51 49 44 51 47 45 40 37 27 39 87066
107 88 103 83 97 67 77 69 69 80 83423
26 44 29 23 28 34 18 35 33 20 90709
85 103 66 93 77 66 64 80 56 61 90972
51 44 35 37 35 22 42 30 40 54 94256
142 119 95 67 108 73 97 65 92 73 85288
58 44 66 55 49 37 48 25 51 42 92251
36 42 27 36 38 34 53 38 20 48 85396
77 86 71 56 58 78 56 59 53 78 88482
57 60 62 64 57 83 64 69 55 53 85858
83 69 72 66 82 57 62 62 71 99 78933
38 36 48 42 43 34 45 55 44 41 84620
750 56 45 37 31 42 24 34 38 27 89074
48 55 46 40 49 51 54 42 42 48 80836
56 33 30 59 41 41 29 30 38 24 90726
150 113 99 88 95 97 84 106 65 63 89692
41 42 45 37 48 55 37 42 44 40 91651
23 22 32 30 31 29 18 14 21 23 93616
32 37 24 25 30 31 28 19 22 32 93687
57 54 46 48 49 35 60 53 33 43 93650
74 62 70 74 75 67 70 64 60 65 87957
287 44 54 41 31 38 65 44 57 53 89976
161 132 96 118 107 132 101 112 95 116 77203
127 73 85 84 63 58 89 69 62 65 87482
43 27 34 32 29 36 29 28 23 21 90810
295 287 258 246 182 207 173 180 152 222 67004
42 49 57 32 37 46 43 35 51 26 93223
27 34 42 24 32 33 30 26 37 17 95968
42 28 29 30 37 38 31 30 27 31 95829
39 46 35 39 41 43 24 41 42 20 91898
47 39 34 48 28 39 45 26 31 29 93462
172 17 35 23 26 13 27 18 16 19 95764
68 30 32 35 36 40 53 40 43 33 86561
153 181 128 132 146 128 128 120 131 129 85480
69 72 64 70 73 74 73 49 55 76 90646
41 40 24 50 37 23 25 31 26 27 93091
28 30 42 38 34 35 41 22 41 43 82455
94 30 69 22 25 39 64 22 23 15 92772
91 59 42 54 63 63 43 44 43 33 91815
35 60 27 23 28 43 44 30 33 23 93083
30 42 33 35 27 17 23 19 19 30 94398
52 55 59 49 51 77 41 67 46 38 93945
88 76 66 70 52 72 59 52 63 48 81420
171 177 175 135 187 162 171 149 139 136 84927
254 193 202 144 133 136 135 121 116 123 81610
66 42 37 35 25 34 34 20 39 23 92622
37 54 38 49 41 30 38 36 33 40 94252
39 31 29 38 30 20 29 39 29 35 94032
117 133 114 106 124 121 101 89 84 100 82367
102 85 78 70 90 66 66 101 54 69 74625
56 52 14 41 38 34 44 72 27 31 90845
23 14 12 16 13 10 8 15 10 14 95571
16 16 20 23 29 25 34 26 15 17 94726
25 43 43 28 30 23 23 30 29 25 92806
61 72 67 82 48 40 49 44 49 50 87082
58 49 46 62 30 37 32 40 44 38 85601
156 148 147 135 169 139 126 138 132 146 85315
118 142 108 92 95 79 80 74 76 79 82097
39 47 35 21 24 29 29 19 26 19 93413
49 51 44 59 57 54 38 32 63 35 84031
67 75 65 68 78 64 49 57 59 65 95625
35 30 35 18 33 42 32 24 26 35 89337
66 69 61 62 53 54 50 74 53 52 85783
61 50 36 40 49 46 35 40 46 43 83895
43 42 30 29 38 27 29 17 21 25 94271
53 35 47 52 30 28 37 45 47 32 87091
35 28 34 21 24 18 18 24 32 44 94509
35 28 24 26 34 18 35 28 13 15 93236
63 42 46 28 46 49 42 29 56 44 89773
22 33 22 22 36 21 38 32 23 28 88797
23 36 25 30 43 26 20 26 38 31 93466
26 24 13 22 20 24 26 16 9 24 94856
61 49 49 51 56 52 55 53 57 47 80541
64 65 75 69 77 61 73 53 60 65 92952
57 69 48 52 58 43 45 46 55 47 90161
86 90 81 67 72 78 97 69 56 46 86295
170 55 44 39 44 45 48 48 46 27 90821
184 172 167 141 146 141 157 109 143 145 75971
69 72 60 67 67 54 51 42 60 39 89595
84 93 74 80 59 103 84 65 67 54 78178
58 68 61 46 48 44 36 35 31 29 92291
88 94 87 92 81 77 85 74 75 86 79948
71 60 77 53 75 54 50 61 42 51 78957
387 66 61 50 51 26 32 32 22 33 95621
25 25 17 28 32 41 22 31 29 28 93862
251 54 44 43 20 39 35 31 30 31 89035
36 38 37 25 45 42 37 29 40 24 91935
38 46 45 29 42 31 30 29 37 34 93377
69 59 75 50 67 64 54 79 72 49 92868
44 35 40 25 40 29 41 60 47 44 85549
40 46 42 28 29 28 39 37 19 30 85959
59 76 61 82 48 66 73 55 61 51 83936
52 56 37 40 39 29 35 29 31 25 82064
70 44 68 51 65 60 76 41 56 42 80166
75 67 54 68 68 51 56 41 45 41 89908
28 31 35 46 23 24 38 29 16 29 88767
21 50 31 15 20 23 18 22 24 19 94656
23 25 24 27 33 23 40 18 20 24 93330
81 71 68 55 62 54 54 76 40 34 91349
83 34 32 41 40 38 35 41 53 57 81408
30 20 26 25 29 15 24 26 23 26 95840
117 85 91 86 106 77 76 90 65 79 75677
111 83 68 63 65 58 72 58 63 59 82190
28 34 35 32 17 20 25 22 16 32 93947
44 38 49 36 25 38 45 36 39 47 88108
74 42 37 53 46 31 33 22 36 36 83044
178 182 145 128 132 128 127 114 117 122 88750
54 47 66 56 47 52 46 37 41 47 92095
17 21 18 11 18 25 26 33 20 18 95111
81 68 64 64 54 46 50 57 58 52 84303
32 18 22 24 25 30 30 21 19 20 93029
70 53 48 60 37 62 31 29 47 57 83229
283 276 256 260 243 254 257 262 242 241 61586
52 40 25 37 28 20 40 32 20 17 89876
84 48 28 28 40 18 26 37 29 23 93758
37 46 44 45 58 37 27 39 63 23 83577
24 48 47 17 19 15 35 25 32 29 93881
20 18 15 25 19 17 17 15 20 26 92567
112 95 74 75 80 72 74 81 81 62 87413
33 34 29 38 27 34 35 29 33 27 87506
529 66 57 63 57 52 62 67 64 46 92092
750 15 14 19 16 25 26 18 19 11 95750
72 72 64 69 70 49 58 42 67 51 76673
47 44 30 26 33 23 25 35 32 31 91994
58 47 55 42 57 39 47 49 43 48 84942
14 16 13 24 27 12 17 14 11 19 92743
21 27 26 20 28 33 25 34 31 26 96015
106 103 99 107 97 87 105 116 85 110 72231
42 41 39 44 31 31 38 40 51 39 86688
100 95 56 77 40 50 50 53 36 52 91585
37 23 40 37 23 34 27 11 22 23 91683
87 50 34 33 40 30 34 22 42 26 89864
30 31 26 45 42 40 27 25 37 35 90003
29 26 27 21 16 30 33 23 25 18 91723
56 43 43 22 42 50 32 38 54 48 89475
65 68 59 56 82 58 54 54 68 50 87297
92 92 105 101 74 94 84 84 103 71 86078
31 23 31 15 31 26 12 32 23 41 90122
40 35 34 34 50 33 28 13 27 30 87280
74 76 65 81 82 73 55 85 64 74 87611
67 90 85 74 76 90 89 66 61 72 81759
45 33 30 27 38 35 28 42 27 40 87933
476 270 265 85 81 77 81 83 63 81 79134
27 37 39 39 36 36 41 25 22 29 85933
135 105 109 102 107 94 116 78 91 89 77829
15 21 21 23 13 20 14 9 21 24 95353
17 34 27 16 25 32 22 12 19 16 94219
41 45 28 52 32 44 34 45 39 68 88961
193 126 135 128 121 117 113 111 103 115 94125
54 49 39 36 34 44 34 32 32 29 95465
54 39 36 36 49 45 46 34 39 41 88397
48 47 46 48 25 36 46 41 30 34 86428
26 32 24 24 25 26 22 32 30 22 91412
29 43 35 36 29 33 37 38 29 27 88767
37 20 31 13 20 14 22 20 47 28 96161
47 49 28 46 30 35 64 50 37 28 86037
86 85 66 52 70 60 63 75 65 62 86328
27 49 21 24 28 18 23 15 17 10 93621
35 44 34 32 23 41 38 40 29 38 84688
110 104 103 106 90 87 100 83 81 88 85791
36 54 41 31 34 30 45 25 54 36 90197
