1 750 7 
69 76849
49 91582
206 70852
29 93926
89 88108
50 84046
23 95179
169 73660
49 90861
59 90381
99 87404
18 92226
36 85711
750 88989
30 91142
58 88705
51 91237
77 86605
29 91514
63 86473
59 89970
43 92388
63 94016
65 85047
31 93386
87 94062
55 87033
40 92962
106 88384
67 84522
62 88790
20 96757
59 80965
178 89490
51 87960
48 88250
61 90466
38 93215
31 94682
101 81214
39 88292
28 95469
47 93582
156 64825
53 82386
38 95491
52 88293
59 90673
106 84120
30 93858
87 79265
125 90932
40 89191
116 90825
140 77972
97 71167
20 93024
67 88191
39 91968
62 83417
30 94868
35 94990
57 83801
70 92518
587 61302
48 93287
42 91070
82 95702
53 94799
750 85875
33 94060
33 90420
38 82248
104 89026
42 90548
41 86879
175 86594
44 91951
115 90303
35 93923
75 92030
103 77824
29 95683
131 89450
23 94234
38 93082
63 82761
79 86461
54 94394
57 83107
33 87957
112 83908
36 90448
66 89294
43 93709
80 76235
105 89944
40 93136
24 95660
86 92462
25 95341
75 80851
56 86064
47 90396
100 81627
63 87104
635 90430
614 78944
109 91897
58 81756
74 81235
64 86574
82 76532
50 94575
92 91796
58 89792
25 87909
39 87680
54 89126
605 89390
72 88222
33 93320
133 75014
34 90711
147 87513
48 92136
62 84551
51 88486
84 91654
24 95915
22 92372
85 71980
32 95665
69 82993
750 87286
36 92022
59 83145
49 87696
101 89271
68 89799
117 90069
51 96253
116 84099
45 93259
27 93924
38 92206
66 92304
322 71277
61 85707
31 94097
62 87841
50 89251
92 84039
27 93768
111 77073
53 91091
121 89685
26 90347
41 85844
89 88004
66 90498
37 92409
61 83936
48 83740
129 84989
45 92952
34 88929
72 88345
51 83891
31 93320
103 88117
70 89701
103 76308
35 93131
84 89408
43 84172
58 86955
73 80393
28 94112
56 87430
41 94300
96 90923
15 96172
25 94902
50 88322
67 92341
30 95044
40 94550
56 85557
45 90856
102 81584
38 93863
26 86134
401 80638
87 73410
35 93648
62 77527
133 91024
20 94248
101 83114
65 79444
45 85164
83 74531
40 90954
95 88515
144 85904
30 93319
72 92408
37 90840
58 87789
68 88629
31 96608
34 95564
59 89095
113 74792
29 91705
24 94826
34 93679
70 79812
102 84512
41 96231
106 91937
32 89139
52 86241
87 85418
142 73430
195 85161
33 94520
102 87153
42 94698
112 77676
38 89495
34 92557
35 90279
48 83546
229 82157
109 76941
59 87966
36 90549
104 91642
67 80079
25 95560
65 89974
40 92169
139 79375
233 80743
54 82654
86 90832
90 73064
119 87628
90 79591
88 92252
118 88130
42 96506
90 84628
57 93861
98 76086
63 90202
56 80362
96 72834
77 85279
290 95000
144 79190
221 83196
61 89221
128 82504
51 89532
208 87229
29 95498
74 83643
22 94432
73 85563
108 73168
38 94704
47 82436
31 94268
30 96644
182 80573
52 90656
45 94362
721 53517
37 89877
39 90176
113 73504
152 86140
114 90236
146 90280
44 92290
124 89042
39 93071
173 84874
36 89228
36 95634
52 79845
132 90906
51 86046
43 93405
60 90489
37 92217
57 78629
28 95316
48 89992
36 94685
168 84556
48 91162
86 81264
129 79884
36 87987
49 75688
105 89845
66 94211
18 95906
61 92218
71 89701
20 96037
32 94100
228 91490
49 88758
61 90509
75 93852
33 91932
49 84240
68 77474
65 84691
44 96350
156 65725
70 93713
112 87466
30 93216
37 90373
63 85482
29 89829
109 72711
24 95749
100 92181
233 67327
111 82511
122 86669
66 93019
80 77090
40 83925
29 94270
17 94932
417 83046
26 95725
47 93202
51 92209
96 77063
39 85784
39 91079
136 91579
121 92850
77 77144
118 88518
97 82703
89 82578
42 85528
30 92795
15 96112
28 92223
27 95448
47 92813
28 92986
178 70005
27 93841
54 87876
26 90377
91 82768
28 95949
57 87067
28 88275
27 96357
109 82885
28 94489
65 82288
45 88539
61 84982
95 81354
80 89492
750 82563
122 74922
130 82622
70 94109
96 88111
29 90894
145 80092
86 89467
109 81597
178 66995
40 90109
83 89542
69 91756
40 94686
120 74179
51 93353
21 96751
21 89440
134 77189
304 82686
35 90179
47 87723
39 89598
33 94715
18 96194
91 71822
148 85333
24 92273
62 90181
30 93353
94 83044
101 83866
31 91724
26 93606
82 92967
22 94578
171 87875
40 91036
50 95214
33 90728
32 94266
101 79407
100 93473
33 91078
92 84502
750 94644
31 93291
42 91857
19 95316
138 86091
103 86961
34 95924
66 90946
87 80503
109 75534
49 89346
116 78961
147 68524
76 82963
55 89984
53 83717
49 86305
41 94635
80 91673
86 74740
129 94471
44 93948
51 93164
63 85318
381 84624
51 88638
31 90456
58 90038
23 87980
59 77766
122 77791
78 94342
117 89116
68 85260
132 91126
79 94236
52 87445
56 88204
19 94318
83 88676
35 92709
58 87510
40 87727
128 83781
81 85034
49 94335
36 91411
76 78293
101 86822
28 93530
37 91632
74 88893
80 87937
93 76016
38 93854
64 90672
43 91208
33 92015
90 86540
80 90929
82 71716
63 91277
111 93089
41 90291
750 85576
81 79205
125 87512
49 89198
148 88523
51 91333
87 79872
33 95050
74 91168
129 88517
95 85193
34 86287
75 89239
69 93669
109 95507
31 90903
39 92064
110 88419
89 77075
69 83488
59 86430
77 94713
179 90099
16 91663
46 93485
55 88814
21 90644
41 85266
46 93819
49 93536
55 87555
55 90890
25 93716
58 82322
48 89094
35 90909
152 86426
29 92989
95 90003
155 83536
18 95241
79 78420
123 86990
439 91477
87 90193
64 84117
68 86646
169 93010
106 89864
42 92031
15 94445
27 93003
60 95216
78 72082
60 86675
54 91851
119 78525
216 87533
38 94800
162 86925
130 81955
68 79003
188 84662
31 92086
37 88029
145 80576
33 86599
32 92705
31 94823
288 75109
54 95195
91 72527
40 91324
199 66885
63 89562
129 71614
22 91713
83 90030
48 95345
33 90722
130 86483
75 92995
63 71832
209 85501
11 96415
28 95929
55 91662
43 91342
60 90785
57 87816
84 85689
37 89487
47 90262
84 90726
97 95593
549 75847
54 91428
35 92367
69 90269
108 85470
26 96274
149 78019
72 93128
47 89721
17 92698
46 89849
36 89378
76 80665
158 78814
100 84039
33 95681
45 90552
25 96379
68 85505
41 92860
29 96284
84 82143
34 90358
20 95789
55 84418
58 91748
44 90440
47 89869
37 90397
62 85448
46 87272
37 94196
74 66616
35 90591
45 91979
55 90864
115 83832
74 86195
73 76135
56 95361
96 78820
111 78168
76 89989
16 96299
31 87634
94 86188
12 95430
37 92158
52 92413
40 93174
37 88527
43 87548
55 85945
51 84582
93 90366
204 65863
115 74512
56 92523
29 93569
52 79083
79 85488
73 81367
56 87450
54 77181
60 92379
49 93404
53 78090
63 93385
93 82530
45 84007
38 92402
36 89308
100 92704
50 91701
61 88605
81 91257
33 91559
48 87551
37 94520
60 83398
450 87047
43 95012
33 90585
190 85603
110 84640
273 83830
69 90686
56 88670
30 86272
144 84816
95 80134
40 87176
89 91466
192 65064
112 91786
86 84528
75 85734
119 83280
207 86569
750 82358
344 93420
62 89365
75 89075
75 92408
151 84095
65 92257
124 68669
44 91263
28 91435
36 94566
384 92129
25 91232
19 94331
54 79928
189 87341
83 88851
42 94003
44 94001
62 75136
29 94856
42 91800
28 94118
60 87883
36 95007
29 92198
80 92525
59 89095
119 89755
27 94816
206 70517
50 90871
58 87595
203 63078
68 94605
42 94822
40 83796
184 67755
32 89150
169 66657
50 86829
52 82043
33 90355
45 92486
44 96010
70 90117
750 82208
42 83998
18 90531
45 90580
46 90780
56 92030
53 88771
82 88681
35 89084
15 95230
36 89453
123 81283
12 94549
86 88688
18 93774
81 93656
38 87539
70 84840
39 93300
99 78391
56 92983
38 92112
71 83205
76 85741
32 90055
131 88331
40 90237
28 94145
57 89610
161 86774
39 89082
26 96921
69 93683
119 87972
36 94692
56 92949
81 94104
126 74306
42 92969
67 88307
30 88232
55 92771
18 93874
114 89026
74 92486
110 68239
61 86368
18 94666
60 80643
57 86357
78 89683
72 76773
27 87724
55 87942
74 91659
25 93789
280 59605
28 95399
39 89011
115 90028
29 90151
79 86418
85 87480
17 89559
80 86575
32 87304
103 83781
101 93823
148 85967
88 86028
98 91353
59 84080
55 91755
94 81190
54 88232
102 82044
85 89089
33 91024
87 95206
43 89808
27 93457
109 80001
88 76454
158 72448
60 89027
76 90372
25 93885
750 89703
19 95620
20 96124
238 80129
19 96378
73 87835
48 93420
42 87830
89 84059
29 95021
220 92810
145 87398
31 95323
102 87717
63 84105
33 88961
35 95000
19 93844
106 77805
88 88503
34 91468
61 93254
750 94047
29 92683
51 87066
107 83423
26 90709
85 90972
51 94256
142 85288
58 92251
36 85396
77 88482
57 85858
83 78933
38 84620
750 89074
48 80836
56 90726
150 89692
41 91651
23 93616
32 93687
57 93650
74 87957
287 89976
161 77203
127 87482
43 90810
295 67004
42 93223
27 95968
42 95829
39 91898
47 93462
172 95764
68 86561
153 85480
69 90646
41 93091
28 82455
94 92772
91 91815
35 93083
30 94398
52 93945
88 81420
171 84927
254 81610
66 92622
37 94252
39 94032
117 82367
102 74625
56 90845
23 95571
16 94726
25 92806
61 87082
58 85601
156 85315
118 82097
39 93413
49 84031
67 95625
35 89337
66 85783
61 83895
43 94271
53 87091
35 94509
35 93236
63 89773
22 88797
23 93466
26 94856
61 80541
64 92952
57 90161
86 86295
170 90821
184 75971
69 89595
84 78178
58 92291
88 79948
71 78957
387 95621
25 93862
251 89035
36 91935
38 93377
69 92868
44 85549
40 85959
59 83936
52 82064
70 80166
75 89908
28 88767
21 94656
23 93330
81 91349
83 81408
30 95840
117 75677
111 82190
28 93947
44 88108
74 83044
178 88750
54 92095
17 95111
81 84303
32 93029
70 83229
283 61586
52 89876
84 93758
37 83577
24 93881
20 92567
112 87413
33 87506
529 92092
750 95750
72 76673
47 91994
58 84942
14 92743
21 96015
106 72231
42 86688
100 91585
37 91683
87 89864
30 90003
29 91723
56 89475
65 87297
92 86078
31 90122
40 87280
74 87611
67 81759
45 87933
476 79134
27 85933
135 77829
15 95353
17 94219
41 88961
193 94125
54 95465
54 88397
48 86428
26 91412
29 88767
37 96161
47 86037
86 86328
27 93621
35 84688
110 85791
36 90197
