69 
49 
206 
29 
89 
50 
23 
169 
49 
59 
99 
18 
36 
750 
30 
58 
51 
77 
29 
63 
59 
43 
63 
65 
31 
87 
55 
40 
106 
67 
62 
20 
59 
178 
51 
48 
61 
38 
31 
101 
39 
28 
47 
156 
53 
38 
52 
59 
106 
30 
87 
125 
40 
116 
140 
97 
20 
67 
39 
62 
30 
35 
57 
70 
587 
48 
42 
82 
53 
750 
33 
33 
38 
104 
42 
41 
175 
44 
115 
35 
75 
103 
29 
131 
23 
38 
63 
79 
54 
57 
33 
112 
36 
66 
43 
80 
105 
40 
24 
86 
25 
75 
56 
47 
100 
63 
635 
614 
109 
58 
74 
64 
82 
50 
92 
58 
25 
39 
54 
605 
72 
33 
133 
34 
147 
48 
62 
51 
84 
24 
22 
85 
32 
69 
750 
36 
59 
49 
101 
68 
117 
51 
116 
45 
27 
38 
66 
322 
61 
31 
62 
50 
92 
27 
111 
53 
121 
26 
41 
89 
66 
37 
61 
48 
129 
45 
34 
72 
51 
31 
103 
70 
103 
35 
84 
43 
58 
73 
28 
56 
41 
96 
15 
25 
50 
67 
30 
40 
56 
45 
102 
38 
26 
401 
87 
35 
62 
133 
20 
101 
65 
45 
83 
40 
95 
144 
30 
72 
37 
58 
68 
31 
34 
59 
113 
29 
24 
34 
70 
102 
41 
106 
32 
52 
87 
142 
195 
33 
102 
42 
112 
38 
34 
35 
48 
229 
109 
59 
36 
104 
67 
25 
65 
40 
139 
233 
54 
86 
90 
119 
90 
88 
118 
42 
90 
57 
98 
63 
56 
96 
77 
290 
144 
221 
61 
128 
51 
208 
29 
74 
22 
73 
108 
38 
47 
31 
30 
182 
52 
45 
721 
37 
39 
113 
152 
114 
146 
44 
124 
39 
173 
36 
36 
52 
132 
51 
43 
60 
37 
57 
28 
48 
36 
168 
48 
86 
129 
36 
49 
105 
66 
18 
61 
71 
20 
32 
228 
49 
61 
75 
33 
49 
68 
65 
44 
156 
70 
112 
30 
37 
63 
29 
109 
24 
100 
233 
111 
122 
66 
80 
40 
29 
17 
417 
26 
47 
51 
96 
39 
39 
136 
121 
77 
118 
97 
89 
42 
30 
15 
28 
27 
47 
28 
178 
27 
54 
26 
91 
28 
57 
28 
27 
109 
28 
65 
45 
61 
95 
80 
750 
122 
130 
70 
96 
29 
145 
86 
109 
178 
40 
83 
69 
40 
120 
51 
21 
21 
134 
304 
35 
47 
39 
33 
18 
91 
148 
24 
62 
30 
94 
101 
31 
26 
82 
22 
171 
40 
50 
33 
32 
101 
100 
33 
92 
750 
31 
42 
19 
138 
103 
34 
66 
87 
109 
49 
116 
147 
76 
55 
53 
49 
41 
80 
86 
129 
44 
51 
63 
381 
51 
31 
58 
23 
59 
122 
78 
117 
68 
132 
79 
52 
56 
19 
83 
35 
58 
40 
128 
81 
49 
36 
76 
101 
28 
37 
74 
80 
93 
38 
64 
43 
33 
90 
80 
82 
63 
111 
41 
750 
81 
125 
49 
148 
51 
87 
33 
74 
129 
95 
34 
75 
69 
109 
31 
39 
110 
89 
69 
59 
77 
179 
16 
46 
55 
21 
41 
46 
49 
55 
55 
25 
58 
48 
35 
152 
29 
95 
155 
18 
79 
123 
439 
87 
64 
68 
169 
106 
42 
15 
27 
60 
78 
60 
54 
119 
216 
38 
162 
130 
68 
188 
31 
37 
145 
33 
32 
31 
288 
54 
91 
40 
199 
63 
129 
22 
83 
48 
33 
130 
75 
63 
209 
11 
28 
55 
43 
60 
57 
84 
37 
47 
84 
97 
549 
54 
35 
69 
108 
26 
149 
72 
47 
17 
46 
36 
76 
158 
100 
33 
45 
25 
68 
41 
29 
84 
34 
20 
55 
58 
44 
47 
37 
62 
46 
37 
74 
35 
45 
55 
115 
74 
73 
56 
96 
111 
76 
16 
31 
94 
12 
37 
52 
40 
37 
43 
55 
51 
93 
204 
115 
56 
29 
52 
79 
73 
56 
54 
60 
49 
53 
63 
93 
45 
38 
36 
100 
50 
61 
81 
33 
48 
37 
60 
450 
43 
33 
190 
110 
273 
69 
56 
30 
144 
95 
40 
89 
192 
112 
86 
75 
119 
207 
750 
344 
62 
75 
75 
151 
65 
124 
44 
28 
36 
384 
25 
19 
54 
189 
83 
42 
44 
62 
29 
42 
28 
60 
36 
29 
80 
59 
119 
27 
206 
50 
58 
203 
68 
42 
40 
184 
32 
169 
50 
52 
33 
45 
44 
70 
750 
42 
18 
45 
46 
56 
53 
82 
35 
15 
36 
123 
12 
86 
18 
81 
38 
70 
39 
99 
56 
38 
71 
76 
32 
131 
40 
28 
57 
161 
39 
26 
69 
119 
36 
56 
81 
126 
42 
67 
30 
55 
18 
114 
74 
110 
61 
18 
60 
57 
78 
72 
27 
55 
74 
25 
280 
28 
39 
115 
29 
79 
85 
17 
80 
32 
103 
101 
148 
88 
98 
59 
55 
94 
54 
102 
85 
33 
87 
43 
27 
109 
88 
158 
60 
76 
25 
750 
19 
20 
238 
19 
73 
48 
42 
89 
29 
220 
145 
31 
102 
63 
33 
35 
19 
106 
88 
34 
61 
750 
29 
51 
107 
26 
85 
51 
142 
58 
36 
77 
57 
83 
38 
750 
48 
56 
150 
41 
23 
32 
57 
74 
287 
161 
127 
43 
295 
42 
27 
42 
39 
47 
172 
68 
153 
69 
41 
28 
94 
91 
35 
30 
52 
88 
171 
254 
66 
37 
39 
117 
102 
56 
23 
16 
25 
61 
58 
156 
118 
39 
49 
67 
35 
66 
61 
43 
53 
35 
35 
63 
22 
23 
26 
61 
64 
57 
86 
170 
184 
69 
84 
58 
88 
71 
387 
25 
251 
36 
38 
69 
44 
40 
59 
52 
70 
75 
28 
21 
23 
81 
83 
30 
117 
111 
28 
44 
74 
178 
54 
17 
81 
32 
70 
283 
52 
84 
37 
24 
20 
112 
33 
529 
750 
72 
47 
58 
14 
21 
106 
42 
100 
37 
87 
30 
29 
56 
65 
92 
31 
40 
74 
67 
45 
476 
27 
135 
15 
17 
41 
193 
54 
54 
48 
26 
29 
37 
47 
86 
27 
35 
110 
36 
