1 2 3 4 5 6 8 10 11 13 16 21 24 27 35 39 43 44 48 52 56 60 65 69 75 78 80 84 88 91 93 94 96 99 100 
1 2 3 5 6 7 8 9 13 17 22 31 36 39 50 60 72 82 87 94 97 98 99 100 
1 2 3 4 5 6 7 8 9 10 11 12 13 14 15 16 20 23 24 30 32 33 38 42 50 54 59 63 67 71 77 80 81 83 87 95 98 100 
1 2 3 4 5 6 7 8 9 11 16 17 18 20 22 26 30 31 34 35 39 45 50 54 61 64 70 76 81 88 90 96 99 100 
1 2 3 4 5 7 8 9 10 11 12 13 14 16 17 19 20 22 24 25 26 27 28 29 30 31 32 34 35 36 37 38 40 41 42 43 44 47 48 49 50 52 54 56 57 59 60 64 67 68 70 72 74 77 78 79 80 81 82 84 86 88 90 91 93 94 95 96 97 98 99 100 
1 2 3 4 5 6 7 8 9 10 11 15 18 21 23 27 34 37 49 53 61 69 73 81 85 90 94 97 99 100 
1 2 3 5 6 7 8 11 12 13 16 17 18 22 26 29 33 38 44 45 51 65 72 77 82 90 94 96 98 99 100 
1 2 3 4 5 6 7 9 10 11 12 13 14 15 16 17 18 19 20 23 24 25 26 27 29 30 31 32 34 36 38 41 42 45 46 48 50 51 53 55 57 58 61 63 65 66 69 71 74 77 80 81 83 85 87 90 92 94 95 96 97 98 99 100 
1 2 3 4 5 8 9 10 11 13 15 16 19 21 24 27 33 39 45 50 56 64 72 80 87 91 94 97 100 
1 2 4 5 8 9 10 13 16 19 22 25 33 40 47 53 63 66 73 78 80 88 94 95 97 98 100 
1 2 3 4 5 6 9 12 13 14 16 17 20 21 23 24 25 28 31 34 37 39 45 48 50 52 54 59 64 69 71 73 78 79 82 83 86 87 88 89 91 95 96 97 98 100 
1 3 5 6 7 8 10 11 12 13 17 24 29 35 40 48 59 69 76 82 88 95 98 100 
3 4 5 6 7 8 9 10 11 12 13 15 16 17 18 19 21 24 25 26 27 29 31 32 35 36 37 42 44 47 49 52 56 59 66 70 72 76 81 85 88 92 94 95 97 98 99 100 
1 2 3 4 5 6 7 8 10 14 16 17 21 24 30 36 40 45 47 52 54 60 69 74 77 84 87 90 94 99 100 
1 2 3 5 7 9 12 16 20 23 28 37 43 57 64 71 76 87 95 98 100 
1 3 4 5 8 9 10 11 14 15 16 17 18 20 23 24 27 31 33 36 42 49 55 59 65 68 75 77 83 89 90 98 100 
1 2 3 9 17 26 31 38 46 54 68 76 86 96 99 100 
1 2 4 6 7 8 9 10 12 13 16 19 20 22 24 26 28 33 35 40 41 49 53 58 63 64 65 72 74 79 81 86 88 89 92 95 97 98 99 100 
1 2 3 5 6 7 8 9 10 13 14 15 16 18 21 22 24 26 30 33 36 39 41 44 48 50 55 58 61 64 67 69 74 77 79 82 83 86 89 91 95 96 98 99 100 
1 2 3 4 7 8 9 10 11 13 14 16 17 19 20 21 22 24 25 26 33 34 35 40 42 47 50 51 56 62 66 70 72 79 83 88 90 92 95 96 97 99 100 
1 2 5 6 7 9 12 13 17 20 21 27 29 33 36 39 47 51 52 54 59 67 72 73 76 80 86 90 91 94 95 96 97 99 100 
1 2 3 4 5 7 9 11 13 15 19 21 22 26 27 30 35 41 47 51 55 62 70 81 85 90 95 97 98 99 100 
1 2 3 4 5 7 8 9 10 14 15 20 21 26 34 38 42 50 53 60 68 78 80 81 88 93 95 97 100 
1 2 3 4 5 6 9 10 12 13 14 17 18 27 30 35 42 48 52 55 61 73 78 84 88 91 94 98 100 
1 2 3 4 5 6 7 8 9 10 11 12 13 14 15 17 20 21 22 23 25 26 27 28 29 31 32 33 36 38 39 42 45 47 48 50 51 55 57 65 66 69 73 74 76 79 82 86 88 89 91 93 94 97 98 99 100 
1 2 3 4 5 6 7 10 11 12 15 18 19 22 24 26 28 33 37 38 42 49 52 60 67 70 77 80 85 91 94 98 99 100 
1 2 3 4 7 8 10 11 13 15 19 22 24 25 27 30 34 37 39 46 49 51 54 58 64 65 70 74 75 77 81 83 88 91 93 94 95 97 98 99 100 
2 3 4 5 6 7 8 9 10 11 12 13 15 16 17 18 19 20 21 22 24 25 26 27 29 31 34 38 39 41 42 44 46 47 48 50 51 52 54 55 57 61 66 69 71 75 76 77 78 83 84 88 90 92 93 94 95 96 97 98 100 
1 2 6 7 11 15 20 28 32 38 41 44 50 62 73 82 89 95 99 100 
1 2 3 4 5 6 7 8 9 10 12 13 14 15 16 17 21 22 25 29 32 33 34 37 41 43 44 46 48 49 51 56 59 62 66 70 72 76 80 81 82 87 92 93 96 97 100 
1 2 3 4 5 6 7 9 10 11 12 13 14 15 16 17 18 22 27 30 32 33 35 36 38 42 46 51 56 62 66 69 78 82 86 91 96 99 100 
1 2 3 4 5 6 7 8 9 12 14 19 22 23 24 26 27 32 33 36 38 43 46 53 58 67 70 75 79 81 87 90 92 95 97 98 99 100 
1 2 3 4 5 6 7 8 9 10 12 15 17 18 20 23 26 27 28 29 30 32 34 35 38 40 42 45 47 53 56 61 65 70 71 75 76 78 80 82 83 87 89 93 94 95 96 97 98 99 100 
1 2 3 4 5 6 7 9 11 13 14 15 18 19 22 25 27 33 37 43 46 51 56 58 62 66 73 76 81 85 91 93 96 98 99 100 
1 2 3 4 5 6 7 8 9 10 12 13 15 16 17 18 19 21 22 24 25 27 30 31 32 33 37 38 40 41 42 43 44 48 53 56 59 62 64 67 70 74 80 84 86 87 88 91 93 94 95 97 98 99 100 
1 2 3 4 5 6 7 9 11 13 16 18 20 22 26 31 34 38 42 45 55 58 67 68 71 76 81 84 90 95 96 100 
1 2 3 5 6 7 8 9 10 11 13 16 17 20 21 24 26 29 33 37 43 51 58 61 68 69 74 78 83 85 90 91 94 96 97 98 100 
1 2 3 4 7 8 9 10 12 14 18 23 27 33 38 42 52 63 70 79 89 91 95 97 98 100 
1 2 3 4 5 6 7 10 12 16 19 22 25 28 30 33 37 40 43 46 50 55 62 69 73 77 79 83 88 90 92 96 98 99 100 
1 2 3 4 7 8 12 13 15 18 20 28 36 40 47 65 71 81 88 94 95 98 99 100 
1 2 3 5 6 7 8 9 11 15 19 20 21 25 28 31 35 41 43 48 54 61 66 70 74 78 81 88 91 95 99 100 
1 2 3 4 5 6 7 8 9 10 12 13 14 15 16 17 18 20 23 24 25 26 27 29 31 32 33 34 36 37 38 39 40 41 42 45 46 47 48 50 51 52 54 55 56 57 58 59 61 63 64 67 71 73 74 75 77 79 81 83 85 89 90 91 92 94 96 97 98 100 
1 2 3 4 5 6 7 8 9 10 11 12 14 15 19 22 23 24 25 29 31 34 37 40 42 44 50 57 63 65 67 69 76 78 82 86 88 91 92 96 98 99 100 
1 2 3 6 8 9 10 14 17 19 27 33 34 39 41 45 48 56 62 69 74 79 85 89 94 96 98 100 
1 2 3 4 5 6 7 8 9 11 12 15 16 17 18 20 22 23 27 28 31 34 38 40 42 44 45 48 54 55 59 61 64 68 70 73 76 79 83 88 90 92 94 97 98 100 
1 2 3 5 6 7 8 9 10 11 13 14 16 17 19 21 23 24 25 28 32 36 37 38 41 43 45 50 54 55 56 59 63 69 71 75 78 79 84 87 90 92 93 95 96 97 98 99 100 
1 2 3 4 5 6 7 8 9 10 11 12 13 15 16 17 19 21 23 25 26 27 28 29 32 35 36 38 40 41 44 48 50 51 52 53 60 64 70 71 74 79 80 82 85 86 89 90 91 94 95 96 97 98 99 100 
1 2 3 4 5 6 7 8 9 10 12 13 16 17 20 25 26 29 31 36 41 45 49 53 58 61 68 72 76 80 85 87 90 94 97 100 
1 2 3 4 5 6 7 8 9 10 11 13 14 15 17 18 21 24 26 30 33 37 39 44 48 53 57 62 69 76 82 88 89 93 95 97 98 99 100 
1 2 3 4 5 6 7 8 9 10 11 12 14 15 16 18 20 24 27 30 32 35 38 39 43 45 49 54 58 61 70 73 76 77 81 84 86 89 91 93 94 96 98 99 100 
1 2 4 5 6 7 8 9 10 14 16 17 18 20 23 26 29 35 37 39 46 54 60 66 71 76 80 83 85 90 94 95 99 100 
1 2 3 4 5 7 8 10 11 13 15 17 19 20 23 25 28 32 35 37 38 41 47 49 52 59 61 64 65 67 71 74 76 80 81 82 84 88 91 92 93 95 97 98 100 
1 2 3 4 5 6 7 9 11 17 18 21 24 26 29 31 34 40 46 48 51 55 59 65 73 75 82 84 91 99 100 
1 2 3 4 5 7 8 11 13 16 19 20 23 25 31 32 38 44 53 60 69 75 77 82 84 86 92 95 96 97 98 100 
1 2 3 5 6 8 11 12 15 19 23 25 30 32 36 39 46 51 60 71 79 85 89 95 98 100 
1 2 3 4 5 6 7 8 9 10 12 13 15 19 20 21 22 24 25 27 28 29 31 34 35 38 39 41 44 46 49 54 56 57 60 61 63 65 67 73 75 77 80 81 86 91 92 94 96 98 99 100 
1 2 3 4 6 7 8 9 12 13 14 15 17 18 22 27 29 32 37 40 45 47 54 60 65 71 75 81 86 90 94 96 98 99 100 
1 2 3 5 7 8 9 10 14 15 18 22 25 27 32 35 38 42 44 54 61 64 70 74 81 82 87 92 94 95 96 98 99 100 
1 2 3 4 5 7 9 11 15 19 21 23 25 30 35 39 44 48 59 65 71 75 80 85 87 92 95 98 99 100 
1 2 3 4 5 6 7 8 10 13 17 20 22 25 30 32 34 38 41 43 46 47 48 50 53 57 62 68 71 76 80 83 89 90 93 94 95 96 98 99 100 
1 4 5 6 7 8 9 10 11 12 13 16 19 21 23 25 26 27 30 33 34 35 37 38 42 44 46 48 50 52 57 60 63 65 66 68 70 73 75 76 82 84 85 88 90 94 96 98 99 100 
1 2 3 6 7 8 10 15 17 18 19 20 21 24 28 31 37 42 43 44 48 54 59 61 71 76 79 84 88 91 94 96 97 98 99 100 
1 2 3 5 6 9 10 11 14 16 19 20 21 23 25 29 33 35 40 44 47 55 59 63 66 72 81 86 87 90 97 98 99 100 
1 2 3 4 5 6 8 9 10 11 12 13 14 16 18 20 22 24 27 28 29 33 35 42 47 52 56 59 64 69 71 75 83 84 88 94 96 98 100 
1 2 3 4 5 6 7 8 9 10 12 13 14 15 16 17 18 19 20 21 22 23 24 26 27 28 29 31 33 35 37 38 39 40 42 44 45 46 47 49 52 53 54 55 56 58 61 62 63 64 67 70 71 72 74 75 77 78 79 80 82 84 86 87 88 91 92 93 94 96 98 99 100 
1 2 3 4 5 6 8 9 10 11 13 17 20 24 26 30 33 38 43 52 54 60 72 79 84 90 93 96 99 100 
2 5 6 7 8 9 10 11 12 14 15 16 17 18 20 23 25 27 28 30 31 32 33 38 42 43 48 49 51 54 59 61 64 69 71 76 79 80 83 86 88 89 90 91 93 95 96 97 98 100 
1 2 3 4 5 6 7 10 11 12 13 14 17 18 20 21 26 30 31 34 39 45 50 59 64 69 80 87 88 91 93 97 98 99 100 
1 2 3 4 5 6 7 9 11 12 13 16 17 20 27 32 37 44 46 52 59 64 71 79 83 86 93 94 98 99 100 
1 2 3 4 8 9 11 12 15 16 21 22 25 26 32 33 38 40 42 43 54 57 60 64 70 76 79 81 83 85 88 91 95 96 97 98 100 
1 2 3 4 5 6 7 8 9 10 11 12 13 14 16 17 19 20 21 23 25 27 28 29 31 32 33 34 35 36 40 41 43 46 47 50 54 58 62 63 65 68 69 72 74 76 81 85 88 89 91 96 97 99 100 
1 2 3 4 5 7 8 9 10 11 13 14 16 18 20 22 24 26 29 30 35 37 43 44 47 50 56 67 69 73 79 81 84 88 93 95 96 97 100 
1 2 3 4 6 7 8 10 12 13 17 20 23 26 27 28 31 34 35 39 40 47 49 52 56 62 66 68 73 75 79 81 84 86 93 98 99 100 
1 2 3 5 6 7 8 9 10 11 13 14 17 21 25 32 33 35 41 48 57 65 67 70 76 80 82 88 93 95 96 99 100 
1 3 4 5 6 7 8 9 13 15 20 23 30 35 41 44 49 54 59 65 67 70 73 81 86 89 94 95 96 97 99 100 
1 2 3 6 7 9 12 14 15 16 17 18 20 23 25 26 29 36 37 40 44 46 49 55 57 62 66 70 75 77 81 85 90 92 93 94 96 97 99 100 
1 2 3 4 5 6 7 8 9 10 12 15 16 20 24 28 29 36 44 49 53 57 66 77 85 92 96 98 99 100 
1 2 3 4 5 7 8 9 10 11 12 14 17 18 19 20 21 23 25 26 27 28 31 32 37 39 41 45 49 54 56 62 68 72 79 81 86 88 91 92 93 94 95 97 98 99 100 
1 2 3 5 6 7 8 9 11 12 15 18 21 22 27 34 41 48 51 59 69 76 82 89 92 96 99 100 
1 2 3 4 5 6 7 8 9 10 12 16 19 20 21 25 26 27 31 34 38 42 45 50 51 55 56 62 65 69 71 79 83 89 92 94 96 97 98 99 100 
1 2 3 4 7 9 10 14 16 17 19 20 23 25 28 33 40 42 45 50 55 61 68 74 79 83 87 94 96 97 99 100 
1 3 5 6 7 8 9 10 11 12 14 15 16 17 18 19 21 25 30 32 33 35 38 42 43 44 45 46 48 51 52 54 57 58 59 61 63 65 69 72 73 77 78 81 84 86 87 89 91 95 96 97 98 100 
1 2 3 4 5 6 7 8 9 10 11 12 13 14 15 16 17 18 19 20 21 22 23 24 25 26 29 30 31 32 34 35 37 40 41 43 44 46 48 49 50 52 53 54 56 59 62 65 68 71 74 79 80 83 85 87 89 91 93 96 97 98 99 100 
1 2 4 5 6 7 9 10 11 12 13 14 15 16 17 18 20 22 23 25 26 27 31 34 35 37 39 41 42 43 44 52 55 57 58 59 64 67 69 71 74 75 76 78 81 82 84 85 88 89 91 94 95 98 99 100 
1 2 3 4 5 6 7 8 10 11 12 15 16 18 21 22 24 25 30 33 40 44 49 56 58 63 69 72 77 80 84 89 94 96 97 98 99 100 
1 2 3 5 7 8 9 10 12 16 19 26 30 41 44 49 59 64 70 79 84 87 94 96 98 99 100 
1 2 4 5 6 7 8 9 10 12 13 14 16 17 19 20 22 23 24 26 27 28 32 36 38 41 44 45 46 49 53 54 55 58 60 64 65 68 74 80 82 86 87 88 89 94 96 99 100 
1 2 3 4 5 6 7 8 9 10 11 12 13 14 15 16 17 19 21 22 23 26 27 28 30 32 33 35 38 39 40 42 44 45 48 52 54 58 59 63 64 67 69 75 77 80 83 85 87 90 93 96 97 99 100 
1 2 3 5 6 7 11 12 13 17 20 22 24 29 35 38 42 50 56 59 67 77 85 88 92 97 98 100 
1 2 3 4 5 6 7 9 11 13 14 17 18 19 22 24 27 28 29 31 32 33 35 39 41 44 47 52 54 59 60 62 65 67 69 73 75 78 79 82 83 84 86 87 88 89 91 92 93 94 95 97 98 99 100 
1 2 3 4 6 7 8 9 10 13 14 16 17 19 21 23 24 27 30 34 38 40 44 46 48 50 53 56 62 66 70 74 75 79 82 85 86 88 91 93 94 95 97 98 99 100 
1 2 3 4 5 6 7 9 10 12 14 19 21 23 27 28 31 33 37 42 49 54 62 67 71 79 84 85 91 94 97 98 99 100 
1 2 3 4 5 6 7 8 9 11 13 14 16 17 21 22 24 27 31 32 36 39 41 44 48 51 56 60 62 67 74 75 77 80 81 84 86 89 91 92 93 96 97 100 
1 2 3 5 6 7 8 9 13 15 18 23 26 29 34 41 46 56 64 71 78 80 84 91 94 96 98 99 100 
1 2 3 4 6 7 9 10 11 12 13 16 17 21 23 27 31 33 36 40 43 47 54 57 61 69 74 79 92 97 98 100 
1 2 3 4 5 6 7 8 10 13 15 17 19 20 21 22 23 24 26 29 31 40 46 53 61 67 72 78 84 91 94 97 99 100 
1 2 3 4 5 6 7 8 9 10 11 12 13 15 16 17 19 22 24 25 27 28 30 33 35 37 39 42 44 49 52 56 57 59 62 65 66 69 70 74 75 77 79 81 82 87 90 91 92 94 96 97 99 100 
1 2 3 4 6 7 8 10 11 15 20 26 34 42 46 49 54 70 77 89 96 99 100 
1 2 3 4 5 6 8 9 11 12 14 15 16 18 19 21 25 27 28 29 30 31 32 33 36 38 41 43 45 46 47 49 53 57 58 60 61 64 71 75 78 81 82 84 86 87 90 91 93 95 97 98 99 100 
1 2 3 4 5 6 9 11 15 16 21 24 32 38 40 48 51 56 62 69 72 76 82 83 89 92 96 100 
