10 2000 13 
68 61 47 44 43 42 40 40 39 39 145936
472 188 26 24 24 24 22 21 20 19 155673
560 319 308 179 133 126 53 52 51 50 138188
118 59 58 50 49 41 38 37 35 34 144515
465 357 352 305 293 241 241 234 227 224 100708
159 41 36 32 31 29 28 27 26 25 174077
339 84 54 34 34 33 32 31 30 30 165059
220 185 168 163 152 141 123 120 120 119 106698
391 57 50 40 33 31 31 31 30 30 148763
524 184 28 28 27 26 26 26 25 25 150883
280 104 76 72 70 65 64 64 64 58 116638
51 25 25 24 24 23 23 23 22 22 152891
87 87 87 80 76 67 66 63 62 60 144103
60 51 42 40 39 37 36 34 32 31 136760
26 25 24 22 22 20 20 19 19 19 162541
2000 143 143 55 51 46 46 46 44 37 140830
2000 21 16 16 15 14 14 14 14 14 162548
130 98 87 87 59 59 54 52 52 51 120155
92 78 72 71 71 70 66 64 62 61 142358
1054 572 266 162 62 62 62 61 59 57 139356
54 52 43 41 41 41 40 38 36 36 127919
394 42 34 33 32 30 30 29 28 28 150061
214 183 181 34 33 32 32 27 26 25 145802
225 115 42 35 28 27 26 26 26 25 146346
208 199 192 181 135 132 123 117 115 111 101129
69 56 46 42 40 38 36 34 34 34 154963
194 76 63 56 54 54 54 51 47 47 115429
133 133 119 118 106 105 104 102 98 94 109296
33 24 23 23 23 23 22 21 20 19 162907
909 480 91 69 68 67 62 61 60 55 159174
363 350 243 133 122 104 99 95 95 76 139071
90 87 82 81 59 49 46 45 40 39 130294
517 393 134 104 83 75 72 67 66 63 112604
281 170 50 50 50 45 45 45 44 44 118854
124 115 110 109 107 106 101 92 89 88 106030
475 75 48 37 36 35 34 32 32 31 134059
690 665 167 53 53 51 50 47 44 42 129814
127 71 32 28 28 27 26 26 26 26 146847
123 88 58 55 45 43 41 40 40 40 124721
41 40 29 24 22 21 21 21 21 21 145821
50 44 43 39 39 35 34 33 32 31 140236
651 588 278 272 238 232 228 223 215 193 69348
276 204 91 90 89 79 71 59 56 53 129787
46 42 37 36 36 36 36 35 35 34 147348
509 166 140 112 92 84 80 75 73 69 114563
115 79 73 67 67 67 66 63 62 60 119845
392 177 144 139 133 122 118 110 107 105 78375
519 63 54 49 45 42 41 40 39 38 140772
495 174 70 59 57 52 50 48 44 42 117546
177 79 78 63 62 59 56 54 51 49 124980
57 50 43 43 42 40 38 37 37 36 133304
300 177 73 70 67 66 65 65 63 62 120515
495 111 56 51 47 45 42 37 36 36 142223
1080 73 55 37 36 34 34 33 33 31 143271
594 39 33 32 32 30 30 25 25 23 148370
220 146 98 92 83 81 78 75 71 69 104475
57 54 51 50 46 46 44 42 39 35 128540
352 102 54 44 44 41 41 39 38 36 131169
46 38 36 34 34 33 31 31 31 31 136716
185 108 94 87 85 78 76 68 64 64 111514
106 78 78 78 77 75 74 73 72 71 106748
58 50 49 47 47 47 45 43 40 40 157917
140 54 50 43 43 42 41 41 41 40 132475
385 238 126 107 96 70 43 43 39 38 155084
1035 485 296 274 259 245 234 221 217 211 112845
205 163 63 51 35 33 31 31 29 27 145235
82 82 79 79 79 70 68 67 66 65 131634
253 168 57 44 43 41 40 39 39 39 133739
800 98 47 38 35 34 32 29 29 28 136101
110 61 51 50 48 48 48 48 45 43 124108
271 262 260 177 154 137 115 110 107 103 118730
151 125 93 77 60 54 54 51 49 46 135640
127 68 57 47 43 43 41 40 36 36 147246
71 64 50 43 43 40 37 36 34 33 139474
56 51 51 50 49 47 45 40 38 34 164880
159 55 50 50 49 49 49 48 47 47 129849
463 117 95 77 37 35 34 32 28 27 146066
274 120 90 85 72 70 70 69 64 61 124016
46 41 39 31 31 30 29 27 26 25 146262
773 84 63 61 60 57 51 51 49 49 103608
62 51 39 38 38 37 37 37 36 36 136811
120 102 102 94 94 85 84 81 78 77 108277
683 507 496 473 257 234 214 193 167 159 138809
164 118 98 98 94 91 88 86 86 82 133701
267 139 87 67 52 49 48 46 43 43 131522
36 31 30 30 26 26 25 25 24 23 147730
108 90 82 82 73 71 68 66 65 62 146796
509 500 385 322 274 241 232 140 135 124 102272
55 39 35 29 29 25 24 24 23 23 152007
136 130 113 108 95 94 89 88 88 88 86293
518 82 80 77 69 69 68 63 61 60 124465
247 160 118 62 54 43 34 33 33 32 145395
379 251 119 107 75 70 69 65 64 63 120426
54 36 35 33 33 30 29 29 28 27 147853
1287 57 53 46 43 43 39 37 37 35 128507
537 295 103 70 59 46 45 40 36 36 137797
109 99 91 90 81 79 76 73 72 66 116662
468 48 29 26 24 24 23 20 20 19 154289
118 101 92 85 84 81 80 80 77 76 118686
295 85 66 45 41 40 38 38 38 36 158542
