68 61 47 44 43 42 40 39 36 35 34 32 31 30 29 28 27 26 25 24 23 22 21 20 19 18 17 16 15 14 13 12 10 9 7 
472 188 26 24 22 21 20 17 16 15 14 13 12 11 10 9 8 7 6 5 4 3 2 1 
560 319 308 179 133 126 53 52 51 50 48 46 43 42 38 35 32 31 30 29 28 27 26 25 24 23 22 21 20 19 18 17 16 15 14 13 12 11 
118 59 58 50 49 41 38 37 35 34 33 31 30 29 28 27 26 25 24 23 22 21 20 19 18 17 16 15 14 13 12 11 9 6 
465 357 352 305 293 241 234 227 224 202 187 186 184 175 166 165 163 152 151 149 145 138 133 132 127 123 121 117 113 112 111 109 108 107 106 105 103 102 101 95 90 89 87 86 85 84 83 81 79 78 75 73 72 71 70 69 68 64 62 61 60 59 58 57 56 53 49 48 46 44 42 34 
159 41 36 32 31 29 28 27 26 25 23 22 21 20 19 18 17 16 15 14 13 12 11 10 9 8 7 6 5 4 
339 84 54 34 33 32 31 30 29 27 25 24 23 22 21 20 19 18 17 16 15 14 13 12 11 10 9 8 7 6 4 
220 185 168 163 152 141 123 120 119 114 112 111 108 106 104 100 98 93 92 91 88 87 86 80 75 74 71 70 69 68 66 65 64 63 62 61 59 58 57 54 53 51 50 49 48 47 46 45 44 43 42 41 40 39 38 37 36 35 34 31 28 24 21 19 
391 57 50 40 33 31 30 29 28 27 26 24 22 20 19 18 17 16 15 14 13 12 11 10 9 8 7 6 3 
524 184 28 27 26 25 24 23 22 21 20 19 18 17 16 15 14 13 12 11 10 9 8 7 6 5 4 
280 104 76 72 70 65 64 58 54 53 52 50 49 48 47 46 45 44 43 42 41 40 39 38 37 36 35 34 33 32 31 30 28 27 26 25 24 23 22 21 20 19 18 16 15 12 
51 25 24 23 22 20 19 18 17 16 15 14 13 12 11 10 9 8 7 6 5 4 3 2 
87 80 76 67 66 63 62 60 59 58 57 56 55 54 52 48 47 46 45 44 43 42 40 39 38 37 36 35 34 33 32 30 29 28 27 26 25 24 23 22 21 20 19 18 16 15 10 9 
60 51 42 40 39 36 34 32 31 30 29 27 26 25 24 23 22 21 20 19 18 17 16 15 14 13 12 11 10 9 7 
26 25 24 22 19 18 17 16 15 14 13 12 11 10 9 8 7 6 5 4 3 
2000 143 55 51 46 44 37 36 33 32 31 30 29 27 25 24 23 22 20 19 18 17 16 15 14 13 12 11 10 9 8 7 6 
2000 16 15 13 12 11 10 9 8 7 6 5 4 3 2 1 
130 98 87 59 54 52 49 48 47 45 44 42 41 40 39 38 37 36 35 34 33 32 31 30 29 28 27 26 25 24 23 22 20 19 18 17 16 14 10 8 
92 78 72 71 70 66 64 62 61 53 50 48 47 44 43 42 41 40 39 38 37 36 35 34 33 32 31 30 29 28 27 26 25 24 23 22 21 20 18 17 16 14 12 11 8 
1054 572 266 162 62 61 59 57 54 52 49 47 45 43 42 41 40 38 37 36 35 34 33 31 30 29 28 27 26 25 24 23 22 21 20 19 17 16 15 14 13 12 10 
54 52 41 40 38 36 35 34 33 32 30 29 28 27 26 25 24 23 22 21 20 19 18 17 16 15 14 13 12 11 10 9 8 7 6 
394 42 34 33 32 30 28 27 25 24 23 22 21 20 19 18 17 16 15 14 13 12 11 10 9 8 7 6 5 4 3 
214 183 181 34 33 32 27 26 25 24 22 21 20 19 18 17 16 15 14 13 12 11 10 9 8 7 6 5 4 
225 115 42 35 28 27 26 25 24 23 22 21 20 19 18 17 16 15 14 13 12 11 10 9 8 7 6 5 4 
208 199 192 181 135 132 123 117 115 111 108 106 104 100 96 90 89 88 86 82 80 78 77 72 70 69 66 65 64 62 61 59 58 56 55 54 53 52 50 49 48 47 46 45 43 42 41 40 38 37 35 34 33 32 29 24 21 
69 56 46 42 40 38 36 34 33 32 31 30 29 27 26 25 24 23 22 21 20 19 18 17 16 15 14 13 12 11 10 9 8 4 
194 76 63 56 54 51 47 46 45 44 43 42 41 40 39 37 36 35 34 33 32 31 30 29 28 27 26 25 24 23 22 20 19 18 17 16 15 14 12 11 10 
133 119 118 106 105 104 102 98 94 93 92 90 89 88 86 85 84 83 82 81 80 79 78 77 76 75 72 71 70 69 68 67 66 64 63 61 60 59 58 57 56 55 54 53 52 51 50 47 46 45 44 42 41 40 39 38 36 35 34 33 30 
33 24 23 22 19 18 17 16 15 14 13 12 11 10 9 8 7 6 5 3 
909 480 91 69 68 67 62 61 60 55 52 50 48 47 46 45 44 43 42 40 39 38 37 36 35 34 33 32 31 30 29 28 27 26 25 24 23 22 21 20 19 18 17 15 14 13 11 
363 350 243 133 122 104 99 95 76 65 64 48 44 39 37 35 34 31 30 29 28 27 26 25 24 23 22 21 20 19 18 17 16 15 14 13 12 11 5 
90 87 82 81 49 46 45 40 39 37 36 35 34 33 32 31 30 29 28 27 26 25 24 23 22 21 20 19 18 17 16 15 14 13 12 11 10 6 
517 393 134 104 83 75 72 67 66 62 61 60 59 58 57 55 52 51 50 49 48 47 46 44 42 41 40 39 38 37 36 35 34 33 32 31 30 29 28 27 26 25 24 23 21 20 19 18 17 15 13 
281 170 50 45 44 43 41 38 37 36 35 34 33 31 30 29 28 27 26 25 24 23 22 21 20 19 18 17 16 15 14 13 12 10 9 7 
124 115 110 109 107 106 101 92 89 88 84 83 82 81 80 77 76 75 74 72 71 70 68 67 66 65 63 62 61 59 58 57 56 55 54 53 51 49 47 46 45 44 43 42 41 40 39 37 36 35 32 31 30 29 21 
475 75 48 37 36 35 34 32 31 30 29 27 26 25 24 23 22 21 20 19 18 17 16 15 14 13 12 10 9 8 7 6 
690 665 167 53 51 50 47 44 42 39 38 36 34 33 32 31 30 29 28 27 26 25 24 23 22 21 20 19 18 17 16 15 14 13 12 10 6 
127 71 28 27 26 25 24 23 22 20 19 17 16 15 14 13 12 11 10 9 8 7 6 5 3 2 
123 88 58 55 45 43 41 40 38 37 35 34 33 32 31 30 29 28 27 26 25 24 23 22 20 19 18 17 16 15 14 13 12 10 9 
41 40 29 24 21 20 19 18 17 16 15 14 13 12 11 10 9 8 7 6 5 3 2 1 
50 44 43 39 35 34 33 32 31 29 28 27 26 25 24 23 22 21 20 19 18 17 16 15 14 13 12 11 10 9 8 7 
651 588 278 272 238 232 228 223 215 193 188 182 178 173 157 154 152 150 149 144 138 137 135 132 131 130 129 123 121 120 117 116 111 110 109 105 102 100 99 98 97 95 93 91 90 89 85 84 82 81 80 79 78 77 76 75 74 72 71 70 69 68 67 65 64 63 61 60 59 53 
276 204 91 90 89 79 71 59 56 53 52 51 50 49 48 43 42 41 40 38 37 36 35 34 33 32 31 30 28 27 26 25 24 23 22 21 20 19 18 17 16 15 10 
46 42 37 36 35 34 32 31 30 28 26 25 24 23 22 21 20 19 18 17 16 15 14 13 12 11 9 8 
509 166 140 112 92 84 80 73 69 67 66 65 61 60 57 56 55 54 52 51 49 48 47 46 45 44 43 42 41 40 39 38 37 36 35 34 33 32 31 30 29 26 25 24 22 18 
115 79 73 67 66 63 62 60 59 58 56 55 53 50 49 48 47 46 45 44 43 41 39 38 37 36 35 34 33 32 31 30 29 28 27 26 25 24 23 22 20 19 18 17 16 15 14 13 10 
392 177 139 133 122 118 110 107 104 95 93 91 88 87 83 76 74 73 72 71 70 69 68 67 66 65 64 63 62 60 59 58 57 54 53 52 50 49 48 47 46 45 44 43 42 41 40 38 37 36 35 32 30 28 27 24 
519 63 54 49 45 42 41 40 39 38 36 35 31 30 28 27 26 24 23 22 21 20 19 18 17 16 15 14 13 12 11 10 9 8 7 5 
495 174 70 59 57 52 50 48 44 42 41 39 38 37 35 33 31 30 29 28 27 26 25 24 23 22 21 20 19 18 17 16 14 13 12 11 10 9 7 
177 79 78 63 62 59 56 54 51 49 46 43 42 41 40 39 38 37 34 33 32 31 30 29 28 27 26 25 24 23 22 21 20 19 18 17 16 15 14 13 12 11 10 9 7 
57 50 43 42 40 38 36 34 33 31 30 29 28 27 26 25 24 23 22 21 20 19 18 17 16 15 14 13 12 11 10 8 7 5 
300 177 73 67 66 65 63 61 60 59 58 57 56 55 52 51 49 46 45 44 42 41 40 39 38 37 36 35 34 33 32 31 30 29 28 27 26 25 24 22 20 19 18 17 13 
495 111 56 51 47 45 42 36 34 31 30 29 28 26 25 24 23 22 21 20 19 18 17 16 15 14 13 12 11 10 9 
1080 73 55 37 36 33 31 30 29 28 27 26 25 24 23 22 21 20 19 18 17 16 15 14 13 12 11 10 9 8 7 6 
594 39 33 32 30 25 23 22 21 20 19 18 17 16 15 14 13 12 11 10 9 8 7 6 5 4 
220 146 98 92 83 81 78 75 71 69 66 65 63 60 59 58 55 54 53 52 51 48 47 44 43 42 41 39 38 36 35 34 33 31 30 29 28 27 26 25 24 23 22 21 20 19 18 17 16 15 14 9 
57 54 51 50 46 44 42 39 35 34 33 32 31 30 29 28 27 26 25 24 23 22 21 20 19 18 17 16 15 14 13 12 11 10 8 
352 102 54 44 41 39 38 36 35 31 30 29 27 26 25 24 23 22 21 20 19 18 17 16 15 14 13 12 11 10 9 8 6 5 
46 38 36 34 33 31 30 29 28 26 25 24 23 22 21 20 19 18 17 16 15 14 13 12 11 10 9 8 4 3 
185 108 94 87 85 78 76 68 64 60 57 55 54 52 50 48 47 46 45 44 43 42 41 39 38 37 36 35 34 33 32 31 30 29 28 27 24 23 22 19 15 
106 78 77 75 74 73 72 71 67 65 63 62 60 59 58 57 53 52 51 50 49 48 47 46 45 44 43 42 40 39 38 37 36 35 34 33 32 31 30 29 28 27 26 25 24 22 19 17 14 12 
58 50 49 47 45 43 40 38 37 36 35 34 33 32 31 30 29 28 27 26 25 24 23 22 21 20 19 18 17 16 15 14 13 12 9 6 
140 54 50 43 42 41 40 39 38 37 35 34 33 31 30 29 28 27 26 25 24 23 22 21 20 19 18 17 16 15 14 13 11 9 
385 238 126 107 96 70 43 39 38 36 35 34 33 31 30 29 28 27 26 25 24 23 22 21 20 19 18 17 16 15 14 13 12 11 10 9 8 5 3 
1035 485 296 274 259 245 234 221 217 211 207 200 197 196 192 183 181 178 175 171 169 165 163 159 156 155 154 151 147 144 143 142 141 139 138 137 133 132 131 129 126 125 123 122 121 119 117 115 113 112 111 110 108 107 103 101 100 95 94 93 91 90 89 87 85 84 81 79 78 72 66 62 60 
205 163 63 51 35 33 31 29 27 26 25 24 23 21 20 19 18 17 16 15 14 13 12 11 10 9 8 7 6 4 
82 79 70 68 67 66 65 63 62 59 57 56 55 54 53 52 51 50 49 48 47 46 45 44 43 42 41 40 39 38 37 36 35 34 33 31 30 29 28 27 26 25 24 23 22 21 20 19 18 17 
253 168 57 44 43 41 40 39 38 35 30 29 28 27 26 25 24 23 22 21 20 19 18 17 16 15 14 13 12 11 10 9 8 5 4 
800 98 47 38 35 34 32 29 28 27 26 24 23 22 21 20 19 18 17 16 15 14 13 12 11 10 9 8 7 6 5 
110 61 51 50 48 45 43 42 41 40 39 38 37 36 35 34 33 32 31 30 29 28 27 26 25 24 23 22 21 20 19 18 17 16 15 13 9 
271 262 260 177 154 137 115 110 107 103 102 91 87 86 81 80 79 77 72 70 68 67 64 63 62 61 60 56 55 54 53 52 51 50 49 47 46 45 44 43 42 41 40 39 38 37 36 34 33 32 30 29 28 27 21 
151 125 93 77 60 54 51 49 46 44 42 40 39 37 36 34 33 32 31 30 29 28 27 26 25 24 22 21 20 19 18 17 16 15 14 13 12 11 9 
127 68 57 47 43 41 40 36 35 34 33 32 31 30 29 27 26 25 24 23 22 21 20 19 18 17 16 15 14 13 12 11 10 9 8 7 6 2 
71 64 50 43 40 37 36 34 33 32 31 30 29 28 27 25 24 22 21 20 19 18 17 16 15 14 13 11 10 9 8 7 6 
56 51 50 49 47 45 40 38 34 31 30 29 28 27 26 25 24 23 22 21 20 19 18 17 16 15 14 13 12 11 10 8 
159 55 50 49 48 47 46 45 43 42 41 40 39 38 37 36 35 34 33 32 31 30 29 28 27 26 25 24 23 22 21 20 19 18 17 16 15 13 12 10 
463 117 95 77 37 35 34 27 26 25 24 23 21 20 19 18 17 16 15 14 13 12 11 10 9 8 7 6 4 3 
274 120 90 85 72 70 69 64 61 60 56 54 52 50 49 46 44 43 42 41 40 39 37 36 35 34 33 32 31 29 28 27 26 25 24 23 22 21 20 19 18 17 16 15 14 12 7 
46 41 39 31 30 29 27 26 23 22 21 20 19 18 17 16 15 14 13 12 11 10 9 8 7 6 5 4 
773 84 63 61 60 57 51 49 47 44 43 42 41 40 38 37 36 35 34 33 32 31 30 29 28 27 26 25 24 23 22 21 20 19 18 17 16 15 13 11 9 
62 51 39 38 37 36 34 33 32 31 30 29 28 27 26 25 24 23 22 21 20 19 18 17 16 15 14 13 12 11 9 4 
120 102 94 85 84 81 78 77 71 70 69 64 63 62 61 59 58 57 56 55 54 53 52 51 50 49 48 47 46 45 44 43 42 41 40 39 38 36 35 34 33 32 31 30 29 26 25 24 23 21 19 17 16 15 
683 507 496 473 257 234 214 193 167 159 144 135 130 124 109 104 102 101 94 93 92 90 88 81 70 66 65 62 60 58 53 52 51 49 48 45 44 42 40 39 38 37 36 35 34 33 32 31 30 29 28 27 26 25 24 23 22 20 19 18 15 14 13 8 
164 118 98 94 91 88 86 82 80 78 77 76 75 74 73 72 71 70 69 67 66 65 64 62 61 60 59 58 57 55 54 53 51 50 49 46 45 44 43 42 41 40 39 38 37 36 35 34 33 31 30 28 27 24 23 22 
267 139 87 67 52 49 48 46 43 42 41 40 39 38 37 36 35 34 33 32 31 30 29 28 27 26 25 24 23 22 21 20 19 18 17 15 14 12 
36 31 30 26 25 24 23 22 21 20 19 18 17 16 15 14 13 12 11 10 9 8 7 6 5 4 2 
108 90 82 73 71 68 66 65 62 60 58 56 55 54 53 52 51 50 47 41 40 39 38 37 36 35 34 33 32 31 30 29 28 27 26 25 24 23 22 21 20 19 18 17 16 15 14 13 10 
509 500 385 322 274 241 232 140 135 124 110 100 97 95 88 81 80 77 76 73 72 70 68 67 66 65 64 63 61 58 57 56 55 51 49 47 46 45 43 42 39 38 37 36 35 34 33 32 31 30 29 26 24 23 20 
55 39 35 29 25 24 23 22 21 20 19 18 17 16 15 14 13 12 11 10 9 8 7 6 5 4 3 2 
136 130 113 108 95 94 89 88 87 86 85 84 83 80 78 76 75 74 73 71 69 68 67 66 64 63 62 61 60 58 57 56 55 52 51 50 49 48 47 46 44 42 40 39 38 37 36 33 32 31 30 29 28 27 26 
518 82 80 77 69 68 61 57 56 55 54 53 49 48 47 45 44 43 42 40 39 38 36 35 34 33 32 31 30 29 28 27 26 25 24 23 22 21 19 18 17 16 15 14 13 11 
247 160 118 62 54 43 34 33 32 30 29 26 25 24 22 21 20 19 18 17 16 15 14 13 12 11 10 9 8 7 6 5 4 3 
379 251 119 107 75 70 69 65 64 63 60 59 56 55 54 53 51 50 49 48 47 46 44 41 40 39 38 36 35 34 33 32 31 30 29 28 27 25 24 23 21 20 19 17 
54 36 35 33 30 29 28 27 26 25 24 23 22 21 20 19 18 17 16 15 14 13 12 11 10 9 8 6 4 
1287 57 53 46 43 39 37 35 34 33 32 31 30 29 28 26 25 24 23 22 21 20 19 18 17 16 15 14 13 12 10 9 
537 295 103 70 59 46 45 40 36 35 34 32 31 30 29 28 26 25 24 23 21 20 19 18 17 16 15 14 13 12 11 10 8 7 
109 99 91 90 81 79 76 73 72 66 63 62 60 59 58 56 54 52 51 50 49 47 46 45 44 43 42 41 40 39 38 37 36 35 34 33 32 31 30 29 28 27 26 25 24 23 22 20 19 18 17 16 15 11 
468 48 29 26 24 23 19 18 17 16 15 14 13 12 11 10 9 8 7 6 5 4 1 
118 101 92 85 84 81 80 77 76 73 70 69 68 67 65 61 59 58 57 55 53 52 51 50 49 48 47 46 45 44 43 42 41 40 39 38 37 36 35 34 33 32 31 30 29 28 27 26 25 24 22 20 19 16 
295 85 66 45 41 40 38 36 33 32 31 30 28 27 26 25 23 22 21 20 19 18 17 16 15 14 13 11 
