1 2000 13 
61 145936
472 155673
560 138188
118 144515
465 100708
159 174077
339 165059
185 106698
391 148763
524 150883
280 116638
51 152891
76 144103
42 136760
24 162541
2000 140830
2000 162548
130 120155
71 142358
1054 139356
41 127919
394 150061
181 145802
225 146346
181 101129
69 154963
194 115429
133 109296
33 162907
909 159174
363 139071
81 130294
517 112604
281 118854
124 106030
475 134059
690 129814
127 146847
123 124721
40 145821
39 140236
651 69348
276 129787
42 147348
509 114563
115 119845
392 78375
519 140772
495 117546
177 124980
50 133304
300 120515
495 142223
1080 143271
594 148370
220 104475
46 128540
352 131169
38 136716
185 111514
62 106748
58 157917
140 132475
385 155084
1035 112845
205 145235
52 131634
253 133739
800 136101
110 124108
262 118730
151 135640
127 147246
64 139474
51 164880
159 129849
463 146066
274 124016
46 146262
773 103608
62 136811
120 108277
683 138809
164 133701
267 131522
36 147730
108 146796
500 102272
55 152007
136 86293
518 124465
247 145395
379 120426
54 147853
1287 128507
537 137797
109 116662
468 154289
118 118686
295 158542
