10 2000 13 
61 68 42 30 30 32 29 29 40 36 145936
472 188 24 26 14 22 24 15 14 6 155673
560 319 308 179 126 133 52 51 43 50 138188
118 50 58 49 37 22 41 30 26 29 144515
465 293 357 352 241 227 224 305 138 202 100708
159 32 29 41 31 36 28 19 21 15 174077
339 84 54 34 34 22 22 25 20 29 165059
185 168 220 111 100 120 141 152 92 93 106698
391 57 50 31 30 31 33 40 26 20 148763
524 184 21 18 18 28 13 25 22 16 150883
280 104 76 65 64 72 32 47 64 58 116638
51 19 17 20 18 19 25 8 15 10 152891
76 87 87 47 63 59 87 46 62 80 144103
42 51 60 34 23 40 39 32 24 30 136760
24 19 22 13 19 16 10 22 18 16 162541
2000 143 143 46 46 46 44 27 30 17 140830
2000 13 13 13 13 6 4 12 12 3 162548
130 87 98 87 47 36 44 44 54 59 120155
71 92 50 71 70 31 32 53 43 66 142358
1054 572 266 162 62 61 47 62 57 45 139356
41 52 24 54 26 38 33 26 32 20 127919
394 42 30 23 34 23 28 33 30 27 150061
181 214 183 34 18 32 18 19 32 24 145802
225 115 26 23 16 18 21 19 16 19 146346
181 199 208 192 135 111 132 104 96 80 101129
69 42 40 56 29 34 34 23 46 31 154963
194 76 56 43 45 47 54 54 36 44 115429
133 94 133 119 105 90 77 102 93 80 109296
33 14 13 22 11 23 7 8 9 14 162907
909 480 69 61 68 91 52 60 55 62 159174
363 350 243 133 122 99 95 104 76 65 139071
81 82 87 90 35 37 46 34 45 35 130294
517 393 75 134 104 57 58 66 67 52 112604
281 170 27 27 35 38 25 23 41 27 118854
124 107 115 70 92 82 84 77 68 63 106030
475 75 48 25 29 29 23 27 29 34 134059
690 665 167 53 51 53 38 25 33 28 129814
127 71 19 24 10 11 17 22 8 15 146847
123 88 33 26 38 45 28 58 25 28 124721
40 41 21 21 10 11 18 16 13 13 145821
39 50 21 34 24 33 22 29 17 29 140236
651 588 278 238 188 272 149 223 215 178 69348
276 204 89 90 91 48 53 35 79 38 129787
42 30 15 34 36 25 25 19 31 35 147348
509 140 166 112 84 66 47 65 80 67 114563
115 67 79 47 73 58 60 43 59 50 119845
392 118 139 104 91 133 87 83 47 72 78375
519 63 54 45 24 36 40 27 27 26 140772
495 174 70 48 30 35 39 50 25 52 117546
177 79 78 63 37 54 49 56 46 62 124980
50 57 20 40 31 22 20 23 43 26 133304
300 177 58 66 52 65 67 56 45 39 120515
495 111 45 26 47 31 36 56 42 20 142223
1080 55 73 28 33 16 29 30 24 31 143271
594 21 32 25 33 30 10 39 19 18 148370
220 146 59 83 81 92 60 60 55 75 104475
46 42 35 57 34 35 51 23 30 50 128540
352 102 41 25 25 30 31 41 35 27 131169
38 26 46 19 31 28 26 36 23 17 136716
185 94 87 78 76 108 52 85 45 57 111514
62 77 78 75 57 65 45 51 62 36 106748
58 50 47 45 21 33 38 37 49 27 157917
140 50 35 43 25 37 30 33 54 43 132475
385 238 126 107 96 33 38 70 29 30 155084
1035 485 296 274 259 234 245 217 196 221 112845
205 163 63 51 33 24 21 17 26 31 145235
52 52 82 45 44 54 82 79 59 66 131634
253 168 25 18 40 39 43 39 24 39 133739
800 98 38 27 21 17 19 24 20 35 136101
110 50 48 61 51 39 29 25 41 42 124108
262 260 271 177 154 115 91 81 87 80 118730
151 93 77 125 54 51 34 39 36 34 135640
127 35 32 68 29 43 33 57 30 32 147246
64 71 30 18 43 50 29 43 36 37 139474
51 47 34 51 50 38 56 49 31 45 164880
159 49 50 55 38 45 48 28 49 42 129849
463 117 95 77 19 19 20 14 25 16 146066
274 120 90 85 61 64 70 69 72 60 124016
46 29 31 11 16 12 14 19 41 30 146262
773 84 63 44 51 47 57 24 37 61 103608
62 37 36 31 24 26 18 25 21 33 136811
120 102 94 102 57 57 58 56 71 77 108277
683 496 473 507 257 124 214 234 193 167 138809
164 118 86 78 73 94 91 54 55 82 133701
267 139 87 67 49 27 48 43 18 29 131522
36 31 22 20 13 21 16 18 11 16 147730
108 68 82 53 90 66 73 35 56 82 146796
500 509 385 322 274 232 241 77 140 95 102272
55 29 39 23 20 15 13 12 20 22 152007
136 89 68 73 130 78 85 63 88 113 86293
518 80 82 68 77 54 69 69 45 61 124465
247 160 118 54 62 43 26 18 33 29 145395
379 251 107 119 56 59 69 49 40 51 120426
54 22 26 33 35 20 13 17 17 28 147853
1287 57 46 53 26 33 39 17 14 43 128507
537 295 103 70 59 34 29 45 20 17 137797
109 99 91 49 90 59 59 72 73 81 116662
468 48 29 13 11 24 26 17 16 15 154289
118 92 65 77 80 81 61 76 68 70 118686
295 66 85 41 45 38 33 30 32 27 158542
