68 61 42 40 36 32 30 29 
472 188 26 24 22 15 14 6 
560 319 308 179 133 126 52 51 50 43 
118 58 50 49 41 37 30 29 26 22 
465 357 352 305 293 241 227 224 202 138 
159 41 36 32 31 29 28 21 19 15 
339 84 54 34 29 25 22 20 
220 185 168 152 141 120 111 100 93 92 
391 57 50 40 33 31 30 26 20 
524 184 28 25 22 21 18 16 13 
280 104 76 72 65 64 58 47 32 
51 25 20 19 18 17 15 10 8 
87 80 76 63 62 59 47 46 
60 51 42 40 39 34 32 30 24 23 
24 22 19 18 16 13 10 
2000 143 46 44 30 27 17 
2000 13 12 6 4 3 
130 98 87 59 54 47 44 36 
92 71 70 66 53 50 43 32 31 
1054 572 266 162 62 61 57 47 45 
54 52 41 38 33 32 26 24 20 
394 42 34 33 30 28 27 23 
214 183 181 34 32 24 19 18 
225 115 26 23 21 19 18 16 
208 199 192 181 135 132 111 104 96 80 
69 56 46 42 40 34 31 29 23 
194 76 56 54 47 45 44 43 36 
133 119 105 102 94 93 90 80 77 
33 23 22 14 13 11 9 8 7 
909 480 91 69 68 62 61 60 55 52 
363 350 243 133 122 104 99 95 76 65 
90 87 82 81 46 45 37 35 34 
517 393 134 104 75 67 66 58 57 52 
281 170 41 38 35 27 25 23 
124 115 107 92 84 82 77 70 68 63 
475 75 48 34 29 27 25 23 
690 665 167 53 51 38 33 28 25 
127 71 24 22 19 17 15 11 10 8 
123 88 58 45 38 33 28 26 25 
41 40 21 18 16 13 11 10 
50 39 34 33 29 24 22 21 17 
651 588 278 272 238 223 215 188 178 149 
276 204 91 90 89 79 53 48 38 35 
42 36 35 34 31 30 25 19 15 
509 166 140 112 84 80 67 66 65 47 
115 79 73 67 60 59 58 50 47 43 
392 139 133 118 104 91 87 83 72 47 
519 63 54 45 40 36 27 26 24 
495 174 70 52 50 48 39 35 30 25 
177 79 78 63 62 56 54 49 46 37 
57 50 43 40 31 26 23 22 20 
300 177 67 66 65 58 56 52 45 39 
495 111 56 47 45 42 36 31 26 20 
1080 73 55 33 31 30 29 28 24 16 
594 39 33 32 30 25 21 19 18 10 
220 146 92 83 81 75 60 59 55 
57 51 50 46 42 35 34 30 23 
352 102 41 35 31 30 27 25 
46 38 36 31 28 26 23 19 17 
185 108 94 87 85 78 76 57 52 45 
78 77 75 65 62 57 51 45 36 
58 50 49 47 45 38 37 33 27 21 
140 54 50 43 37 35 33 30 25 
385 238 126 107 96 70 38 33 30 29 
1035 485 296 274 259 245 234 221 217 196 
205 163 63 51 33 31 26 24 21 17 
82 79 66 59 54 52 45 44 
253 168 43 40 39 25 24 18 
800 98 38 35 27 24 21 20 19 17 
110 61 51 50 48 42 41 39 29 25 
271 262 260 177 154 115 91 87 81 80 
151 125 93 77 54 51 39 36 34 
127 68 57 43 35 33 32 30 29 
71 64 50 43 37 36 30 29 18 
56 51 50 49 47 45 38 34 31 
159 55 50 49 48 45 42 38 28 
463 117 95 77 25 20 19 16 14 
274 120 90 85 72 70 69 64 61 60 
46 41 31 30 29 19 16 14 12 11 
773 84 63 61 57 51 47 44 37 24 
62 37 36 33 31 26 25 24 21 18 
120 102 94 77 71 58 57 56 
683 507 496 473 257 234 214 193 167 124 
164 118 94 91 86 82 78 73 55 54 
267 139 87 67 49 48 43 29 27 18 
36 31 22 21 20 18 16 13 11 
108 90 82 73 68 66 56 53 35 
509 500 385 322 274 241 232 140 95 77 
55 39 29 23 22 20 15 13 12 
136 130 113 89 88 85 78 73 68 63 
518 82 80 77 69 68 61 54 45 
247 160 118 62 54 43 33 29 26 18 
379 251 119 107 69 59 56 51 49 40 
54 35 33 28 26 22 20 17 13 
1287 57 53 46 43 39 33 26 17 14 
537 295 103 70 59 45 34 29 20 17 
109 99 91 90 81 73 72 59 49 
468 48 29 26 24 17 16 15 13 11 
118 92 81 80 77 76 70 68 65 61 
295 85 66 45 41 38 33 32 30 27 
