100 2000 13 
61 68 42 30 30 32 29 29 40 36 32 32 19 39 28 40 29 27 31 29 35 27 28 22 28 27 34 29 25 18 32 22 25 25 24 35 27 22 19 25 39 10 34 16 43 29 29 16 47 21 23 17 20 15 19 23 26 19 44 21 20 34 18 23 15 7 17 22 21 19 23 32 21 21 20 14 13 9 31 15 29 24 12 9 10 31 13 14 16 16 14 28 24 30 9 24 20 15 18 19 145936
472 188 24 26 14 22 24 15 14 6 9 7 21 9 10 9 12 10 10 8 16 10 4 10 5 7 5 9 13 13 10 8 16 8 8 13 16 14 12 11 5 9 3 13 9 7 5 8 2 6 16 17 8 6 20 14 8 6 9 12 8 9 7 8 13 15 10 14 7 12 15 11 13 13 13 7 4 10 1 9 13 10 7 7 11 5 7 6 8 8 10 12 4 15 9 7 10 5 5 8 155673
560 319 308 179 126 133 52 51 43 50 46 38 29 48 53 35 23 29 42 24 23 32 27 14 30 29 22 32 25 31 28 19 26 32 25 26 28 24 29 16 24 18 21 14 26 13 31 31 17 25 21 22 29 13 13 18 24 19 19 22 19 17 21 12 23 20 21 24 26 32 15 11 22 20 13 22 25 20 23 13 14 18 12 24 13 14 24 18 17 20 24 15 13 11 26 29 18 18 12 13 138188
118 50 58 49 37 22 41 30 26 29 33 27 28 27 27 14 34 28 38 29 27 18 19 34 33 25 33 35 14 16 15 12 21 59 15 11 18 31 13 15 19 21 15 17 26 18 16 20 20 23 11 9 19 12 17 18 11 22 17 22 16 13 13 16 33 11 9 21 18 9 19 15 16 16 33 21 13 26 22 13 14 24 15 20 11 20 26 18 11 13 21 14 24 14 18 6 21 13 24 20 144515
465 293 357 352 241 227 224 305 138 202 166 151 186 234 175 241 123 108 133 152 105 86 101 175 187 84 85 152 184 87 127 79 56 102 165 108 151 103 89 71 81 73 163 132 79 42 81 83 90 78 95 165 84 109 117 75 61 64 113 44 117 145 149 61 75 72 112 71 68 106 121 48 111 59 71 57 72 73 69 58 60 79 46 89 53 87 81 34 70 81 49 102 60 62 58 107 59 56 86 102 100708
159 32 29 41 31 36 28 19 21 15 21 18 16 19 20 23 20 10 13 15 13 14 22 7 18 12 17 22 27 9 12 15 17 18 9 10 18 15 10 12 17 17 17 12 8 17 22 10 14 22 10 10 20 16 13 11 6 12 15 7 7 6 8 17 8 12 15 26 5 25 10 21 9 15 13 4 8 7 5 15 11 12 13 14 13 13 8 14 16 15 11 12 10 15 6 15 9 15 11 13 174077
339 84 54 34 34 22 22 25 20 29 15 14 33 30 32 12 21 22 20 20 14 27 13 25 18 31 14 19 30 13 30 11 14 16 22 12 10 7 14 8 18 18 18 15 10 15 13 19 17 12 14 19 17 11 14 12 14 14 25 17 19 9 4 14 9 21 24 10 13 15 14 17 18 11 14 13 10 23 9 7 17 12 8 13 13 15 9 11 17 21 21 10 11 15 10 14 14 10 6 10 165059
185 168 220 111 100 120 141 152 92 93 70 119 120 98 123 66 64 114 112 75 106 104 74 163 87 86 66 43 58 49 59 69 108 36 75 34 69 71 63 54 68 80 54 53 91 91 43 37 65 61 63 59 45 51 62 88 91 24 57 44 48 50 46 53 42 37 46 68 49 44 40 37 43 36 47 38 35 65 31 42 28 50 57 35 50 45 42 61 63 39 65 41 21 46 38 39 48 40 19 44 106698
391 57 50 31 30 31 33 40 26 20 20 18 27 15 18 12 15 17 16 10 13 12 11 10 13 17 19 17 28 15 31 22 29 10 12 12 8 18 22 14 16 9 14 8 14 9 22 7 9 11 8 14 15 12 12 10 17 14 15 9 11 11 13 9 27 26 16 6 13 17 17 7 12 6 19 13 16 8 16 16 15 19 10 12 6 11 10 3 3 9 11 3 11 11 24 9 10 10 13 7 148763
524 184 21 18 18 28 13 25 22 16 21 27 9 17 18 16 22 26 17 18 17 6 12 16 20 8 14 9 14 21 16 17 8 15 11 19 8 14 12 5 17 20 12 18 10 12 28 12 20 18 14 26 8 14 19 4 15 16 15 15 9 14 11 19 13 9 15 8 17 22 10 14 23 7 18 11 14 17 13 8 12 16 14 12 11 6 18 14 23 9 9 9 23 11 4 9 15 26 24 16 150883
280 104 76 65 64 72 32 47 64 58 64 44 41 33 70 43 38 40 54 30 53 34 42 47 42 39 39 44 43 28 28 48 52 44 37 24 34 58 49 41 33 34 39 43 32 32 33 58 39 39 26 12 31 31 20 39 50 28 33 49 38 22 19 32 42 32 36 34 15 45 38 49 33 41 25 26 28 26 35 24 21 24 34 23 19 30 40 35 18 37 46 52 12 16 19 19 20 36 28 27 116638
51 19 17 20 18 19 25 8 15 10 10 4 9 11 11 9 16 5 12 13 12 15 24 14 5 11 10 7 5 4 8 8 13 8 25 3 14 3 6 9 8 15 12 24 6 4 7 14 13 8 9 2 13 12 10 8 9 11 6 15 14 8 6 5 14 8 2 9 9 7 22 9 9 7 11 23 10 7 10 9 13 5 6 12 5 7 3 10 4 14 9 7 8 4 12 4 6 14 10 4 152891
76 87 87 47 63 59 87 46 62 80 58 56 67 47 55 54 42 66 46 60 39 48 46 20 38 29 23 37 40 35 24 19 24 40 38 27 28 29 38 33 10 56 25 27 27 27 57 22 23 34 23 23 32 20 28 35 33 22 28 23 21 35 15 44 26 27 30 24 24 29 35 35 21 26 27 52 43 22 26 27 33 30 45 16 26 20 29 21 20 42 25 22 32 18 34 36 19 30 9 16 144103
42 51 60 34 23 40 39 32 24 30 25 24 21 24 9 29 15 13 19 26 17 31 31 24 22 19 23 22 23 16 22 16 15 19 17 20 24 25 17 22 36 9 21 15 14 26 13 23 20 13 17 16 21 21 11 14 21 30 30 14 7 15 25 15 30 17 27 16 23 24 16 12 9 19 18 26 26 12 13 13 12 11 13 23 13 16 18 16 19 10 17 9 16 11 9 10 10 10 29 16 136760
24 19 22 13 19 16 10 22 18 16 6 10 9 26 10 15 12 17 12 16 10 13 9 12 12 14 7 14 5 5 9 13 11 3 17 13 10 7 8 11 10 11 17 6 5 12 12 5 6 11 9 6 4 6 10 15 6 15 10 10 12 8 10 11 16 8 8 7 18 3 9 5 8 7 6 6 12 15 6 11 10 4 10 8 5 5 6 12 25 7 6 10 4 14 10 8 9 9 5 13 162541
2000 143 143 46 46 44 46 27 30 17 14 25 11 18 25 31 55 12 15 7 19 23 10 33 33 33 18 17 16 12 24 51 7 19 20 17 18 32 12 17 17 16 7 15 12 13 29 37 16 16 17 9 9 22 10 8 22 9 15 7 14 22 18 17 23 11 27 14 16 23 18 7 36 9 13 7 18 7 10 9 12 25 7 16 14 10 10 14 13 6 12 9 20 6 15 12 10 22 19 14 140830
2000 13 13 13 13 6 4 12 12 3 12 10 10 12 7 11 6 6 9 12 16 5 5 6 10 10 5 4 5 8 8 6 9 2 8 15 12 7 10 11 11 7 8 8 13 13 9 6 11 12 8 7 9 5 4 4 4 4 9 3 3 11 5 3 3 6 6 7 3 3 5 11 6 4 7 12 6 3 11 4 11 8 9 4 7 7 3 9 5 4 2 6 3 11 1 2 6 6 6 8 162548
130 87 98 87 47 36 44 44 54 59 59 44 37 48 39 31 45 35 42 42 40 49 26 30 47 29 40 34 31 34 20 20 32 32 34 32 29 18 24 35 52 36 36 32 23 42 39 29 26 24 22 30 32 24 26 41 22 26 36 38 17 17 10 22 24 14 32 23 27 33 31 38 26 32 28 26 16 36 25 22 34 32 16 18 24 29 25 30 30 18 19 22 26 37 30 8 29 31 34 17 120155
71 92 50 71 70 31 32 53 43 66 72 64 27 44 24 39 40 62 38 37 43 33 53 24 34 41 34 33 35 43 78 37 37 39 30 48 30 61 41 26 35 22 28 42 31 21 20 34 25 36 25 27 30 44 53 25 11 18 29 20 27 40 31 36 16 39 31 33 18 28 12 29 20 18 47 29 17 25 32 25 23 24 16 12 31 16 22 33 22 17 36 23 38 28 26 14 16 8 39 38 142358
1054 572 266 162 62 61 47 62 57 45 62 52 54 59 47 52 38 35 42 35 31 35 24 25 35 43 31 49 43 38 33 20 23 24 26 25 19 20 26 30 35 22 12 25 29 30 28 26 16 29 19 17 29 20 19 26 31 31 15 31 23 21 21 37 29 24 28 16 21 21 35 25 19 26 41 20 23 12 14 28 36 17 19 27 21 21 21 25 24 25 35 23 29 13 40 15 10 34 22 15 139356
41 52 24 54 26 38 33 26 32 20 41 32 35 19 29 16 41 24 14 34 30 32 35 24 29 19 23 29 40 15 24 27 13 18 25 25 27 36 29 33 24 19 20 15 14 24 24 20 13 18 23 6 22 13 15 14 20 12 20 14 18 8 18 18 7 28 33 13 19 11 11 19 19 7 24 26 33 17 36 28 11 19 29 19 25 23 9 16 27 14 35 21 15 29 10 14 23 16 21 27 127919
394 42 30 23 34 23 28 33 30 27 15 32 28 22 15 21 20 19 15 18 5 24 18 10 18 17 24 23 11 16 14 11 27 6 8 13 11 14 20 17 16 12 16 17 16 10 25 9 7 12 12 13 13 15 11 9 6 20 10 10 14 3 10 11 12 11 23 8 10 17 12 16 17 22 10 9 4 7 8 14 8 11 15 7 8 20 13 12 10 25 10 16 11 10 10 15 7 12 7 9 150061
181 214 183 34 18 32 18 19 32 24 24 25 16 12 20 19 13 18 33 14 19 11 17 24 15 21 11 11 7 26 15 8 18 5 7 21 7 15 21 18 6 13 15 21 22 6 7 15 18 27 13 12 12 17 13 5 11 16 11 13 13 11 18 12 8 8 11 11 15 17 17 10 24 15 8 8 12 15 11 18 7 8 12 21 9 12 4 12 16 19 19 4 11 16 8 10 14 4 14 13 145802
225 115 26 23 16 18 21 19 16 19 17 12 35 9 25 14 15 14 22 11 10 11 13 16 11 11 17 9 9 19 27 13 12 15 12 5 7 16 8 26 15 7 15 19 12 19 11 12 15 7 21 26 14 21 12 8 15 19 9 18 19 19 6 14 11 16 19 24 13 11 16 11 18 5 10 9 11 8 10 24 28 20 11 5 8 9 11 10 42 11 16 17 17 4 6 5 4 10 17 6 146346
181 199 208 192 135 111 132 104 96 80 90 115 108 62 56 88 90 89 58 89 106 123 69 70 65 82 52 117 49 100 80 78 59 66 49 86 43 58 53 89 41 43 62 42 49 64 59 61 55 38 52 40 64 41 58 49 49 45 52 40 77 50 47 32 54 47 46 41 34 35 29 42 69 49 48 56 46 50 38 46 72 49 52 64 35 54 24 49 21 34 32 40 32 33 46 37 42 47 59 40 101129
69 42 40 56 29 34 34 23 46 31 36 30 20 17 34 31 21 22 15 33 19 20 23 22 31 16 14 16 22 30 19 17 19 23 32 16 12 11 18 24 27 24 16 25 27 26 30 9 38 11 26 16 10 17 17 9 13 11 14 13 19 9 13 23 18 19 22 14 17 9 15 19 16 17 19 11 8 15 14 17 18 12 12 14 10 14 11 20 10 23 20 14 27 12 17 16 11 12 25 4 154963
194 76 56 43 45 47 54 54 36 44 30 63 42 35 32 26 37 47 37 22 33 43 33 23 43 42 33 33 26 34 46 32 28 34 41 37 28 28 25 36 40 26 20 24 42 44 45 32 14 18 15 22 39 30 17 28 36 43 25 29 22 31 23 28 19 30 29 27 18 28 20 14 29 33 36 25 19 19 51 19 35 35 25 33 22 33 31 16 19 41 26 11 17 29 39 54 18 26 10 12 115429
133 94 133 119 105 90 77 102 93 80 92 84 88 104 61 70 61 83 81 53 89 106 76 55 80 85 72 118 56 89 69 69 75 59 68 71 86 79 63 98 71 47 52 72 82 51 44 76 54 39 41 45 60 67 78 54 53 46 56 71 45 51 40 72 42 54 51 53 66 58 66 34 35 71 45 42 67 52 30 55 54 42 64 55 54 30 51 45 38 50 36 57 42 55 40 58 33 75 41 45 109296
33 14 13 22 11 23 7 8 9 14 10 8 13 18 7 14 19 23 19 8 15 15 12 11 3 18 7 16 15 9 10 10 11 11 8 19 6 24 11 16 16 10 23 10 9 14 16 14 16 6 12 10 8 12 17 5 10 9 9 19 17 8 10 10 8 10 16 6 18 10 17 13 15 9 17 7 6 9 8 5 18 8 9 11 5 6 17 23 9 10 7 7 14 9 9 16 5 6 16 7 162907
909 480 69 61 68 91 52 60 55 62 67 45 52 50 48 35 44 42 42 35 44 46 40 44 38 24 35 37 26 28 27 31 25 11 40 21 39 43 42 34 44 36 36 40 18 27 33 28 28 36 28 39 17 47 24 26 29 39 32 31 18 18 14 22 32 13 18 34 20 30 19 35 28 22 15 23 11 25 24 14 14 23 17 21 17 40 26 17 21 11 27 21 22 25 18 24 17 22 25 29 159174
363 350 243 133 122 99 95 104 76 65 95 64 48 31 37 30 30 39 31 19 16 19 16 29 20 20 21 30 23 27 23 25 21 22 31 20 24 34 18 28 44 14 15 18 22 28 31 16 16 21 35 29 15 16 14 14 17 23 23 13 21 29 26 12 19 16 13 16 17 19 19 18 20 11 18 15 26 12 13 13 15 30 16 22 19 21 16 20 17 24 13 11 14 12 12 5 12 22 11 30 139071
81 82 87 90 35 37 46 34 45 35 40 34 31 37 37 23 35 35 29 30 27 16 29 18 25 29 23 31 24 49 21 22 35 22 21 19 23 21 20 32 39 27 18 33 34 22 23 36 15 23 24 16 25 22 20 22 25 13 25 13 26 14 21 36 13 16 28 15 27 21 18 29 12 15 17 6 19 17 21 29 26 12 23 10 21 24 20 19 11 16 19 19 21 25 14 16 18 16 23 21 130294
517 393 75 134 104 57 58 66 67 52 61 57 47 83 52 51 59 42 60 72 60 50 39 44 37 55 37 46 61 60 52 62 37 39 35 33 35 42 37 59 35 40 25 55 47 42 35 36 29 28 31 25 24 38 38 26 34 40 29 33 23 33 23 34 23 31 27 28 13 21 15 46 34 36 25 34 37 27 49 41 25 24 33 17 23 31 32 19 20 41 48 37 33 18 30 31 39 36 55 35 112604
281 170 27 27 35 38 25 23 41 27 28 33 29 20 27 37 20 44 28 27 29 50 25 16 24 29 34 22 30 24 22 17 18 26 26 25 22 18 38 43 26 19 23 33 21 16 45 33 18 14 25 22 24 18 30 36 19 7 31 17 21 14 19 14 30 16 17 20 27 23 37 13 25 12 26 15 14 19 23 25 36 22 10 20 15 16 16 12 9 10 18 14 23 14 12 18 15 15 13 18 118854
124 107 115 70 92 82 84 77 68 63 82 109 72 74 110 45 75 53 80 63 81 89 49 83 61 55 66 62 46 75 76 43 44 54 67 106 101 70 46 63 72 49 54 71 47 55 43 53 65 68 53 43 36 40 44 68 51 37 54 43 54 59 49 46 61 44 57 42 47 54 41 58 37 45 37 43 31 42 56 29 51 41 45 42 30 43 44 31 32 84 88 36 39 63 35 42 55 51 21 55 106030
475 75 48 25 29 29 23 27 29 34 31 23 30 36 24 8 18 21 27 16 18 37 35 32 25 26 9 16 8 19 23 19 16 14 20 9 20 13 8 18 16 22 24 31 9 18 14 12 32 22 8 17 21 12 15 17 12 20 6 23 22 26 9 20 16 16 13 6 21 9 24 19 18 17 9 18 18 16 8 30 18 10 16 14 24 13 18 18 6 10 23 21 13 10 12 16 7 13 6 12 134059
690 665 167 53 51 53 38 25 33 28 25 31 30 29 25 25 24 20 31 30 47 33 24 23 33 31 28 24 42 16 16 14 12 17 16 28 24 24 44 26 10 18 22 39 14 26 36 19 36 50 36 14 15 27 22 16 17 18 18 23 22 22 22 28 27 38 24 18 13 25 27 27 20 20 16 25 21 19 20 26 13 22 19 22 25 32 6 6 26 29 29 34 19 20 24 26 18 26 25 23 129814
127 71 19 24 10 11 17 22 8 15 15 26 9 14 15 15 13 22 10 11 11 11 9 16 28 16 26 19 12 12 10 14 9 14 13 8 8 16 17 8 19 8 20 26 12 25 8 16 10 9 2 12 15 23 12 12 8 17 10 5 13 6 20 12 11 11 11 7 8 8 19 15 9 6 17 10 9 12 3 11 8 13 12 14 27 6 6 9 10 2 12 7 17 9 11 11 11 5 9 14 146847
123 88 33 26 38 45 28 58 25 28 55 29 38 23 37 24 17 15 40 31 24 32 23 24 16 13 29 33 32 35 40 24 25 20 35 25 30 32 34 35 15 43 20 37 26 26 30 37 27 23 27 37 12 20 31 33 40 22 22 23 24 18 19 27 17 16 20 17 30 22 23 34 34 22 28 14 22 12 19 19 13 17 22 29 16 18 22 23 29 23 13 19 41 10 14 13 9 16 25 16 124721
40 41 21 21 10 11 18 16 13 13 14 10 24 29 13 15 17 14 10 12 17 12 9 19 11 11 7 10 7 21 14 14 13 11 5 12 8 10 10 11 6 6 10 19 19 20 13 8 13 9 9 14 3 6 8 10 8 1 16 10 9 16 8 14 8 14 6 10 2 8 8 10 10 7 10 11 8 3 10 10 10 7 12 10 7 9 9 8 14 11 15 13 13 7 7 10 6 19 3 6 145821
39 50 21 34 24 33 22 29 17 29 17 44 17 21 18 19 8 18 24 23 16 19 14 17 39 15 13 19 11 18 32 21 28 25 43 26 29 19 16 28 18 10 11 17 22 11 28 29 16 25 14 11 15 20 25 12 12 9 15 8 23 9 11 14 14 17 17 12 19 18 28 9 23 11 7 25 24 16 22 11 20 31 31 13 27 22 21 15 13 8 21 35 18 13 10 10 9 21 8 16 140236
651 588 278 238 188 272 149 223 215 178 154 152 232 228 137 149 132 182 150 132 131 131 193 93 70 72 149 173 157 109 90 123 69 78 150 129 81 111 80 74 76 93 102 99 65 77 75 120 95 105 105 84 144 98 91 135 98 78 85 121 117 79 82 71 100 68 188 64 130 68 77 81 68 53 97 59 74 89 53 121 116 61 78 70 67 82 68 61 69 79 105 138 78 71 79 72 63 110 60 63 69348
276 204 89 90 91 48 53 35 79 38 37 56 33 36 48 43 30 34 38 50 48 71 36 50 32 35 27 51 28 41 38 42 37 30 24 49 34 23 31 23 40 43 48 31 43 20 17 22 38 36 28 19 24 28 31 30 17 30 17 34 17 25 24 22 22 31 16 19 24 24 31 22 26 24 24 10 25 59 27 35 19 20 21 30 52 28 28 30 30 21 32 18 26 15 28 31 16 21 33 21 129787
42 30 15 34 36 25 25 19 31 35 46 13 16 26 14 20 19 35 28 18 13 17 36 25 25 36 16 16 26 19 30 17 23 21 26 19 14 37 32 26 31 31 16 23 26 18 30 31 8 22 14 19 23 26 9 25 18 21 11 12 15 20 15 13 19 17 11 22 17 28 21 12 15 15 20 23 26 26 21 12 12 23 25 17 9 19 13 19 18 17 14 14 17 18 8 16 18 12 24 14 147348
509 140 166 112 84 66 47 65 80 67 41 69 56 41 41 73 37 37 65 52 47 56 41 67 30 55 92 49 52 30 54 60 32 61 48 43 45 55 35 48 57 40 38 44 31 52 30 33 46 32 26 65 36 45 39 29 31 42 29 25 51 34 37 47 52 42 41 39 41 44 36 33 47 48 18 42 24 36 35 49 49 18 30 24 46 39 34 32 39 34 25 24 33 31 38 26 30 31 22 36 114563
115 67 79 47 73 58 60 43 59 50 47 62 53 25 49 48 32 41 66 36 41 48 29 63 44 29 29 45 39 35 33 53 25 34 25 44 34 28 37 44 43 22 27 31 13 56 46 23 24 41 26 49 56 37 17 34 35 17 29 23 15 34 34 28 36 27 23 30 55 67 37 38 23 28 20 14 33 43 33 26 28 18 28 26 30 41 28 33 23 20 26 22 10 22 43 30 16 19 19 20 119845
392 118 139 104 91 133 87 83 47 72 59 62 177 122 62 110 73 65 48 65 72 70 88 49 50 42 66 71 48 32 74 69 71 107 87 52 50 57 46 63 41 40 67 73 30 63 54 45 48 50 49 76 49 49 48 43 66 64 58 59 57 65 59 42 60 43 50 48 35 48 45 38 36 93 44 24 68 50 27 36 58 58 50 66 74 46 50 36 28 40 42 53 95 45 58 46 40 45 45 37 78375
519 63 54 45 24 36 40 27 27 26 28 20 18 49 22 41 27 30 39 31 31 18 21 20 28 38 21 15 27 23 23 42 20 24 22 20 13 17 11 18 13 17 17 10 21 9 8 11 12 28 15 11 24 14 19 19 36 17 13 5 19 15 8 11 19 18 21 22 12 7 15 9 16 15 21 22 14 27 12 15 31 10 14 7 12 5 9 5 8 17 15 11 16 14 16 35 13 8 7 22 140772
495 174 70 48 30 35 39 50 25 52 44 57 19 22 42 33 24 59 25 21 28 29 20 23 31 38 24 30 31 18 19 26 31 16 26 28 13 18 23 16 23 17 18 24 12 18 20 18 21 27 41 20 24 17 19 18 12 21 19 26 20 13 22 28 17 27 11 16 24 13 35 23 26 17 22 19 30 11 39 18 19 16 14 29 9 37 22 13 17 16 27 21 10 16 17 19 22 20 7 28 117546
177 79 78 63 37 54 49 56 46 62 42 59 28 37 32 28 41 42 30 28 38 25 20 33 17 43 22 21 34 26 22 12 22 22 16 27 30 32 22 13 10 20 18 25 31 31 34 22 15 25 31 51 19 20 34 7 16 11 22 37 23 21 25 15 21 22 25 33 26 14 39 33 28 11 18 39 18 38 37 24 40 24 15 29 26 9 27 24 13 30 10 26 14 22 24 17 17 18 23 23 124980
50 57 20 40 31 22 20 23 43 26 18 17 33 16 17 28 31 17 14 43 21 27 19 30 20 15 14 19 7 29 20 14 25 10 24 36 17 7 13 24 11 42 15 5 18 27 16 31 26 15 26 19 7 19 23 10 8 22 12 31 10 19 18 17 18 19 23 19 23 20 25 25 18 38 14 23 15 24 34 11 21 15 16 23 16 19 30 11 10 17 20 20 11 13 13 7 18 16 12 11 133304
300 177 58 66 52 65 67 56 45 39 65 46 35 61 49 37 29 38 46 59 60 41 63 59 40 37 57 73 44 28 32 36 49 51 40 46 58 31 25 52 24 41 31 46 40 56 29 57 24 44 26 32 22 61 37 37 26 40 55 38 35 13 13 20 32 51 40 32 52 25 33 39 29 25 27 36 30 40 30 19 19 37 34 41 33 42 38 37 45 29 49 31 37 24 35 17 18 25 45 18 120515
495 111 45 26 47 31 36 56 42 20 36 28 22 23 31 29 31 31 16 34 51 31 17 30 28 19 34 17 18 24 22 26 15 22 25 29 14 25 20 13 22 22 12 13 11 13 19 16 23 19 10 16 21 18 13 18 12 16 17 29 31 24 15 22 15 21 10 10 10 14 28 10 10 21 11 16 15 13 15 11 11 18 10 15 13 15 10 9 15 23 25 13 11 11 11 21 17 16 21 21 142223
1080 55 73 28 33 16 29 30 24 31 17 36 24 23 21 23 17 28 19 29 16 23 17 19 17 19 26 37 12 20 19 28 18 30 14 19 11 17 23 20 16 21 19 19 33 21 17 17 25 15 27 19 18 18 12 20 21 16 23 8 20 18 27 10 18 10 25 22 16 25 14 13 18 18 11 17 16 9 20 11 7 14 10 14 20 15 19 6 6 23 14 21 17 11 11 11 13 27 30 21 143271
594 21 32 25 33 30 10 39 19 18 17 18 20 21 17 20 9 25 12 17 9 20 10 8 32 20 10 22 6 19 13 9 15 5 6 8 8 6 8 10 7 7 10 12 11 23 9 21 11 15 13 10 11 13 19 14 14 9 6 11 11 19 9 11 23 16 16 5 11 5 8 12 6 13 10 15 10 14 8 10 7 9 23 9 10 17 11 12 17 7 4 11 13 6 4 10 15 13 13 12 148370
220 146 59 83 81 92 60 60 55 75 58 98 47 38 38 65 60 52 41 44 53 51 27 63 43 42 20 54 42 54 31 33 47 34 20 38 25 35 71 36 39 28 42 78 34 24 34 23 14 39 63 35 69 44 22 23 52 30 25 26 18 19 15 20 66 34 25 30 22 35 15 20 25 33 9 60 34 25 44 29 36 28 19 16 25 21 30 22 19 19 19 17 17 48 16 24 26 66 20 27 104475
46 42 35 57 34 35 51 23 30 50 31 29 32 28 44 25 23 54 24 20 29 28 20 18 18 25 28 26 33 13 17 23 39 15 46 29 19 13 12 21 27 25 14 17 24 11 25 23 31 19 21 19 14 20 14 28 23 21 18 22 28 15 18 15 25 29 18 27 16 22 26 16 13 19 16 11 18 10 20 12 16 26 24 21 19 20 14 15 17 8 17 16 13 21 35 20 15 16 21 21 128540
352 102 41 25 25 30 31 41 35 27 22 21 44 54 12 13 30 30 35 26 16 23 24 13 20 24 44 18 19 35 38 9 20 39 27 14 26 18 16 19 25 25 17 29 13 11 17 17 20 11 22 29 35 27 22 12 8 19 23 29 15 29 15 18 21 15 23 13 5 19 24 20 20 20 12 12 19 20 19 10 17 19 25 15 15 8 17 36 16 20 17 20 15 12 22 20 15 16 6 13 131169
38 26 46 19 31 28 26 36 23 17 15 30 17 33 16 15 17 29 14 22 17 28 20 17 26 20 21 21 34 21 22 30 8 29 17 11 24 10 17 17 16 13 28 18 10 13 13 15 25 28 20 19 24 12 4 17 14 12 15 18 9 18 21 23 18 19 17 31 12 10 22 8 8 17 19 9 9 13 16 21 16 15 26 12 3 22 13 11 16 14 14 10 22 20 12 16 10 15 19 25 136716
185 94 87 78 76 108 52 85 45 57 60 46 60 52 64 55 68 57 43 44 55 57 31 54 30 37 50 50 54 39 50 44 33 36 36 33 46 48 64 37 29 35 35 60 32 35 38 46 32 27 22 43 41 37 35 33 19 50 43 36 47 42 57 52 50 24 31 31 33 23 22 34 39 55 35 34 30 28 38 36 47 45 48 46 30 32 15 30 28 45 34 32 33 38 30 35 36 28 37 30 111514
62 77 78 75 57 65 45 51 62 36 78 59 72 39 78 59 60 60 67 60 43 71 58 74 49 50 50 73 57 106 45 45 63 45 29 35 38 32 37 38 43 40 47 51 34 52 28 31 53 35 44 62 30 31 38 24 39 48 46 30 28 22 38 42 33 17 26 50 31 27 36 38 32 47 27 51 28 19 22 37 28 24 44 36 25 22 19 40 22 25 37 28 42 17 58 33 14 25 12 28 106748
58 50 47 45 21 33 38 37 49 27 40 35 31 30 17 38 23 25 24 30 24 40 19 28 21 47 29 38 43 31 29 21 20 47 28 32 25 21 28 17 22 29 31 18 30 38 25 12 21 18 32 21 29 21 21 22 28 23 16 36 9 17 20 18 20 21 38 23 28 23 29 29 25 19 15 24 31 19 21 24 14 34 32 24 26 23 20 24 17 15 37 13 16 14 20 18 15 18 6 16 157917
140 50 35 43 25 37 30 33 54 43 35 41 30 38 29 19 26 23 21 29 23 23 40 24 21 14 27 18 31 29 18 41 26 14 22 35 37 34 28 18 17 21 38 23 28 15 17 18 28 26 31 25 20 16 38 18 22 27 22 19 19 23 26 29 23 18 14 14 25 18 41 39 17 42 13 28 26 18 14 21 11 25 14 17 20 20 23 19 22 9 24 24 19 14 19 15 18 23 17 15 132475
385 238 126 107 96 33 38 70 29 30 29 34 36 23 20 26 21 35 18 20 30 25 21 43 43 16 31 13 19 23 9 13 19 12 15 12 24 12 39 26 15 20 10 13 28 10 11 20 21 17 21 9 19 9 26 27 10 15 5 19 18 23 23 31 16 10 17 16 14 16 14 16 21 12 27 12 3 12 9 15 22 5 20 12 22 28 15 12 8 9 18 13 3 9 8 19 18 21 17 21 155084
1035 485 296 274 259 234 245 217 196 221 207 171 197 207 183 178 123 156 141 200 175 192 142 133 122 154 151 143 137 169 165 119 155 117 144 211 117 115 159 163 144 110 125 111 147 147 139 119 112 181 89 121 103 89 126 137 117 131 151 107 110 93 100 143 94 129 111 90 101 111 129 138 113 91 110 100 87 132 138 126 126 78 81 159 84 103 66 62 79 84 66 95 60 84 72 72 85 91 90 108 112845
205 163 63 51 33 24 21 17 26 31 23 24 27 24 11 23 16 6 25 29 17 31 19 11 12 35 10 20 19 21 23 12 8 9 11 18 13 15 15 15 10 16 11 12 18 10 13 18 12 16 24 9 17 8 15 13 19 13 15 15 10 14 19 16 20 15 17 17 9 12 4 7 15 16 12 6 11 9 12 9 14 12 12 9 11 12 7 21 13 21 25 15 11 6 13 8 12 10 12 7 145235
52 52 82 45 44 54 82 79 59 66 68 52 79 53 50 79 44 49 44 65 63 50 62 44 70 53 44 35 57 67 36 41 38 51 59 29 23 30 55 41 34 56 36 28 37 41 34 43 39 51 30 42 37 28 31 48 40 31 41 43 41 43 34 38 24 37 27 48 26 18 34 22 22 31 37 38 17 33 43 30 31 28 17 27 31 39 21 35 21 20 35 47 46 26 27 25 33 34 37 19 131634
253 168 25 18 40 39 43 39 24 39 38 30 35 44 27 29 20 21 17 18 13 28 28 22 24 19 28 19 20 17 19 20 57 14 16 15 18 14 21 41 23 10 21 17 26 17 16 23 11 12 11 14 9 19 15 17 15 23 17 20 19 17 8 9 16 20 23 16 13 17 14 26 19 18 14 24 24 14 14 13 11 15 10 15 13 4 14 14 16 13 9 13 9 14 18 17 5 14 24 13 133739
800 98 38 27 21 17 19 24 20 35 19 29 19 22 18 34 21 11 28 13 15 18 14 18 12 15 16 21 47 29 24 12 18 7 12 23 24 10 9 20 12 11 18 9 16 9 11 16 21 15 22 20 21 16 12 21 16 8 20 6 14 13 13 18 26 16 10 14 21 11 9 10 32 7 13 14 13 12 7 13 14 5 15 20 22 9 15 12 9 15 9 15 19 7 13 17 12 19 18 28 136101
110 50 48 61 51 39 29 25 41 42 48 45 43 37 18 35 41 35 26 37 27 39 28 37 26 41 43 33 34 24 33 39 24 29 25 24 29 30 33 32 29 24 24 31 35 29 40 29 23 39 22 35 29 29 31 18 26 25 33 32 28 9 9 20 17 27 25 17 39 19 25 33 21 21 48 29 27 29 13 20 36 17 35 23 28 26 48 24 23 19 29 19 18 15 17 16 22 38 35 25 124108
262 260 271 177 154 115 91 81 87 80 86 79 70 102 110 47 61 50 81 68 137 50 46 44 107 45 53 63 39 45 54 53 42 62 72 53 55 42 50 44 60 44 70 51 45 34 46 62 53 33 38 52 67 68 36 37 103 51 32 47 36 40 21 36 29 43 44 39 56 29 34 46 36 33 27 77 36 49 79 29 34 39 47 41 30 29 28 30 41 64 29 41 38 34 46 45 67 33 27 37 118730
151 93 77 125 54 51 34 39 36 34 42 42 49 21 44 33 24 36 37 54 33 20 25 28 31 27 18 11 37 25 19 32 17 21 16 31 21 60 25 29 39 21 14 27 26 40 29 24 18 29 27 20 24 22 30 27 19 27 29 28 19 21 46 31 18 19 21 21 22 22 18 17 27 22 32 14 13 21 14 21 13 9 15 12 21 22 14 15 14 16 18 16 9 9 29 15 21 18 22 15 135640
127 35 32 68 29 43 33 57 30 32 36 47 14 21 32 31 31 36 25 41 35 23 21 30 8 8 40 21 43 24 19 21 25 26 13 12 23 15 30 18 16 18 26 21 7 14 33 17 18 8 34 12 16 20 17 33 17 23 13 8 9 9 7 18 19 10 23 25 7 8 19 14 16 10 8 2 12 17 7 27 26 17 11 17 11 7 14 8 10 12 21 22 14 31 16 15 20 6 33 21 147246
64 71 30 18 43 50 29 43 36 37 29 18 18 28 19 27 34 33 19 20 7 11 22 27 20 20 19 25 25 22 25 14 21 28 17 40 20 21 29 25 19 20 11 14 18 17 15 16 16 21 27 19 31 25 10 15 14 21 25 13 28 15 11 19 24 7 25 11 31 32 18 14 21 28 18 18 9 15 11 11 6 15 7 10 10 19 19 10 16 13 20 15 19 20 9 21 8 27 18 10 139474
51 47 34 51 50 38 56 49 31 45 30 30 40 26 14 28 26 25 22 26 27 23 28 34 27 30 26 23 30 21 28 34 23 28 29 20 27 27 28 31 26 17 25 27 18 21 21 26 29 19 23 22 17 24 30 28 13 24 15 17 22 16 14 21 17 24 17 22 21 21 10 12 24 17 19 14 28 22 11 18 25 16 8 18 16 16 34 29 24 19 14 10 15 14 20 17 23 16 15 17 164880
159 49 50 55 38 45 48 28 49 42 46 34 41 34 32 25 28 43 28 35 45 26 35 26 27 32 20 33 20 28 23 26 38 37 23 49 30 29 34 47 26 17 39 19 23 28 31 36 21 22 30 47 34 24 37 26 23 34 24 31 21 22 16 24 39 34 29 46 19 27 15 25 29 21 20 25 25 35 15 12 13 19 31 19 34 38 19 24 20 21 32 23 12 46 18 10 18 28 31 40 129849
463 117 95 77 19 19 20 14 25 16 10 9 16 12 24 23 18 15 7 21 34 13 37 16 16 14 24 18 11 10 8 9 9 10 15 10 8 8 15 14 20 11 19 35 15 10 6 15 15 8 26 13 11 4 17 8 8 12 9 10 11 16 11 10 11 13 13 16 27 12 11 11 19 16 15 11 14 9 7 23 8 10 18 3 6 20 7 9 18 9 7 15 23 9 20 14 10 10 10 12 146066
274 120 90 85 61 64 69 70 72 60 56 46 44 42 43 52 70 42 43 25 54 40 27 50 52 52 37 49 34 29 54 31 36 33 32 22 35 31 26 27 26 34 27 27 23 25 24 24 26 20 24 29 22 31 29 27 19 29 32 35 39 37 22 27 29 22 24 28 26 28 24 24 32 14 20 37 35 20 26 18 25 15 15 21 21 33 41 26 25 12 16 24 23 35 17 35 7 22 31 32 124016
46 29 31 11 16 12 14 19 41 30 12 15 17 20 15 16 15 31 26 39 12 16 12 11 21 23 9 10 23 19 11 12 11 27 17 15 10 11 12 9 12 8 14 14 4 16 5 19 14 8 9 6 20 7 8 15 10 12 18 5 10 11 7 22 21 7 10 10 8 16 9 8 13 17 11 15 6 14 9 13 14 17 13 5 11 10 16 14 21 16 8 15 9 6 6 11 20 8 17 11 146262
773 84 63 44 51 47 57 24 37 61 43 32 49 40 60 33 21 34 34 33 25 24 43 31 38 33 19 25 18 42 31 29 42 42 30 27 28 37 34 21 23 42 34 19 29 18 25 37 9 21 20 21 23 29 25 37 35 18 31 30 23 27 31 29 21 25 32 29 24 27 22 41 36 41 17 20 41 30 32 19 20 19 11 16 21 21 15 17 26 22 27 20 19 19 16 21 23 32 25 13 103608
62 37 36 31 24 26 18 25 21 33 27 28 28 34 33 33 19 36 20 24 18 51 39 19 26 27 33 37 18 19 37 29 21 15 13 32 18 24 23 20 25 21 32 22 24 17 17 21 17 21 11 18 20 16 25 22 28 23 20 9 19 38 16 30 24 24 20 14 14 14 13 9 17 16 24 30 17 19 18 13 13 4 25 13 15 19 17 12 13 14 18 13 16 22 16 25 12 15 15 26 136811
120 102 94 102 57 57 58 56 71 77 56 81 84 85 53 61 58 54 51 94 51 59 69 45 57 36 52 56 63 47 56 64 50 43 70 32 41 46 43 35 49 57 38 46 29 30 52 62 39 26 42 33 23 51 30 48 42 15 69 35 52 42 29 31 44 51 19 38 56 55 45 24 78 32 53 29 25 32 40 36 21 45 30 21 39 34 24 15 34 21 21 16 17 34 32 35 35 23 26 55 108277
683 496 473 507 257 124 214 234 193 167 88 66 159 93 104 101 70 62 92 60 109 65 81 45 49 90 144 65 42 51 36 130 28 135 44 49 94 38 40 102 33 27 48 35 49 33 30 27 31 45 27 18 51 29 22 32 28 53 30 65 27 42 32 29 18 40 58 37 28 30 24 14 34 31 13 25 20 53 24 26 22 27 19 25 33 29 31 23 52 32 37 20 15 39 34 19 18 8 23 25 138809
164 118 86 78 73 94 91 54 55 82 71 60 35 72 86 51 70 64 43 59 80 58 98 67 98 88 74 77 76 45 64 38 53 46 58 62 62 64 49 51 62 37 60 53 45 45 53 64 44 37 33 75 28 27 44 65 67 23 24 69 50 66 61 53 70 31 53 41 57 35 22 28 30 43 40 24 36 38 37 71 24 33 41 53 42 59 53 30 28 45 42 39 44 50 53 45 41 51 34 33 133701
267 139 87 67 49 27 48 43 18 29 32 31 43 35 41 31 33 38 31 25 40 33 39 25 37 37 33 26 33 25 20 24 24 30 25 27 31 28 20 26 32 42 18 25 28 31 26 12 25 40 23 20 28 24 29 40 17 19 30 38 23 28 52 23 32 30 37 34 28 20 35 29 19 23 21 20 28 26 31 19 29 22 31 46 28 22 22 23 36 29 21 30 26 19 19 21 14 21 33 15 131522
36 31 22 20 13 21 16 18 11 16 19 18 20 17 25 17 9 24 16 23 26 30 25 12 13 15 9 11 19 17 14 13 13 16 20 16 19 9 9 10 16 18 18 18 13 11 7 7 7 16 13 10 10 12 18 7 10 13 14 16 14 11 9 4 5 15 12 17 7 8 13 26 10 14 21 12 16 16 10 2 8 11 5 16 20 12 10 7 10 15 18 13 10 7 8 13 6 6 11 14 147730
108 68 82 53 90 66 73 35 56 82 60 36 62 47 38 40 71 30 58 51 50 38 30 51 65 60 38 37 32 53 29 28 33 26 41 13 21 38 27 35 52 34 34 54 55 25 13 31 21 23 55 22 22 37 20 41 21 37 15 21 16 21 24 31 18 37 15 36 15 21 23 27 17 19 27 22 20 31 19 23 30 30 25 22 34 19 35 26 15 13 39 22 19 15 25 22 14 10 25 14 146796
500 509 385 322 274 232 241 77 140 95 135 76 61 124 63 70 73 97 110 66 77 80 61 36 81 58 39 65 61 56 29 45 55 67 88 70 63 38 45 51 45 31 72 47 47 64 57 24 76 68 49 37 100 35 32 30 45 33 37 36 66 23 49 36 43 33 65 56 26 46 38 47 36 42 34 42 33 31 29 32 36 49 38 26 23 29 20 36 35 46 30 34 70 42 34 26 55 42 47 30 102272
55 29 39 23 20 15 13 12 20 22 15 15 6 20 12 9 12 8 8 18 18 21 24 8 11 9 10 15 10 7 29 19 8 6 10 8 15 5 8 11 4 9 7 11 2 16 23 2 14 16 25 16 17 8 8 14 13 15 12 14 11 9 19 23 7 12 5 12 11 5 4 13 9 35 20 7 23 12 11 3 16 19 8 7 16 7 7 7 9 4 6 9 13 12 5 4 8 9 4 17 152007
136 89 68 73 130 78 85 63 88 113 95 62 84 87 69 76 58 75 86 76 75 58 52 55 67 84 78 66 61 42 94 46 40 56 78 51 27 47 64 66 36 58 86 63 48 58 88 50 61 66 71 62 87 38 74 46 64 50 61 50 33 55 84 44 55 49 49 61 36 46 52 56 37 31 32 108 67 48 83 39 28 62 66 51 71 58 61 50 75 48 57 40 60 30 80 26 60 63 29 29 86293
518 80 82 68 77 54 69 69 45 61 48 47 30 31 35 55 57 30 45 33 36 49 42 39 39 35 53 18 42 36 40 34 40 39 43 44 34 42 43 55 27 29 53 27 33 32 48 15 15 22 26 29 23 28 30 32 31 24 25 31 23 29 25 28 55 38 43 16 19 18 19 27 29 24 40 11 39 38 21 19 13 24 21 30 56 28 36 28 17 30 30 47 25 25 23 14 32 27 36 40 124465
247 160 118 54 62 43 26 18 33 29 33 29 34 18 26 22 22 18 32 6 16 15 26 5 17 30 14 11 11 16 10 8 25 26 26 25 14 17 22 11 14 16 14 10 20 12 20 15 19 10 8 8 17 16 17 15 13 13 10 13 19 8 11 15 6 7 4 17 14 7 10 11 21 11 22 9 7 8 16 14 3 18 6 8 14 24 16 15 14 12 20 16 30 12 11 11 12 24 13 13 145395
379 251 107 119 56 59 69 49 40 51 41 60 46 65 75 51 70 34 63 19 36 54 34 33 33 60 64 54 50 38 38 28 39 47 47 35 46 44 25 17 50 47 36 30 25 63 40 38 44 38 27 36 38 49 55 49 29 17 28 34 46 54 33 39 23 48 49 53 30 20 54 34 34 33 50 31 21 20 41 56 17 41 28 47 35 24 31 24 30 36 20 40 33 33 40 27 25 39 33 32 120426
54 22 26 33 35 20 13 17 17 28 20 19 26 22 23 29 21 12 14 21 25 24 14 36 23 14 14 16 9 24 24 16 11 20 33 14 17 19 18 20 20 18 18 11 12 12 22 23 16 16 16 15 11 19 23 11 10 15 17 17 26 11 17 19 19 18 27 8 15 25 8 12 30 14 19 15 17 17 19 26 16 14 13 15 10 9 15 16 11 11 10 4 23 21 17 6 18 15 17 16 147853
1287 57 46 53 26 33 39 17 14 43 17 31 34 29 25 26 31 20 43 14 29 28 21 17 21 20 23 20 15 23 19 18 16 19 23 35 16 16 16 15 29 16 37 13 30 9 18 19 15 31 37 13 32 13 14 19 28 25 16 25 16 22 12 19 22 13 18 16 19 14 19 10 26 9 15 14 13 26 24 17 22 22 21 15 24 13 25 13 13 12 13 29 13 13 20 12 12 13 12 13 128507
537 295 103 70 59 34 29 45 20 17 35 24 18 30 23 17 25 26 18 15 14 21 17 20 20 19 46 20 17 23 18 14 36 31 11 20 32 40 18 17 34 17 20 12 36 13 35 19 12 13 20 15 17 16 13 20 16 17 14 16 18 13 15 32 23 21 16 31 14 18 19 8 11 20 13 12 14 8 7 19 10 11 10 10 35 12 16 12 13 19 14 19 12 15 12 16 15 24 18 28 137797
109 99 91 49 90 59 59 72 73 81 60 56 49 58 51 35 76 41 38 45 33 34 37 46 42 62 15 54 39 38 41 63 37 28 29 46 79 29 32 25 34 33 26 43 47 50 45 41 39 40 54 33 34 40 22 66 39 52 23 52 43 44 18 44 51 27 29 15 38 18 22 20 37 35 39 23 23 45 52 24 31 31 37 23 23 19 31 17 11 42 17 27 39 26 16 29 25 36 30 22 116662
468 48 29 13 11 24 26 17 16 15 12 18 9 12 13 23 8 8 14 15 16 16 15 12 15 9 9 8 8 8 8 8 7 14 10 7 12 8 6 18 13 13 6 7 11 24 5 5 13 6 7 7 7 5 13 10 7 4 1 12 10 12 4 4 5 6 14 11 14 9 6 13 8 6 11 8 8 8 8 13 12 15 16 8 6 19 5 8 14 8 9 14 6 6 6 5 6 5 6 12 154289
118 92 65 77 80 81 61 76 68 70 59 57 101 69 48 85 84 53 47 40 49 32 76 58 42 29 41 32 73 33 50 34 61 49 59 44 35 49 51 35 36 67 52 25 25 37 41 67 24 40 48 35 33 80 45 36 38 31 30 46 32 20 24 35 46 59 58 35 45 39 34 38 40 28 40 59 55 41 42 29 26 41 19 43 22 16 36 70 30 47 22 47 27 27 34 35 27 33 34 35 118686
295 66 85 41 45 38 33 30 32 27 25 31 31 27 36 28 28 26 30 26 25 27 25 38 22 31 31 18 30 27 38 28 20 14 14 33 21 20 21 31 28 25 19 17 17 25 15 28 22 11 25 20 18 33 20 15 21 20 21 27 21 22 28 15 14 25 23 27 20 11 23 16 40 20 17 17 15 11 13 33 19 22 18 15 15 19 13 28 36 28 23 17 21 17 11 13 25 18 13 22 158542
