1 3 4 6 9 11 13 19 28 31 41 50 64 84 92 99 
1 2 3 5 6 8 11 21 27 32 37 42 50 63 75 88 94 100 
1 2 3 4 5 6 7 8 9 10 17 20 24 30 35 39 43 56 63 73 76 83 87 91 97 99 100 
1 2 3 4 6 8 9 10 12 13 15 16 18 21 23 29 33 40 46 52 58 68 74 82 89 92 97 100 
1 3 6 8 9 10 11 14 16 22 24 26 28 30 32 34 45 49 56 58 65 70 74 78 86 90 95 97 100 
1 2 4 5 6 7 11 12 13 17 21 23 34 41 54 74 87 94 100 
1 2 3 4 5 6 8 10 12 14 15 18 21 25 31 34 46 56 67 77 86 89 92 99 100 
1 2 3 5 6 7 8 10 11 13 15 16 19 21 22 23 29 32 35 41 45 52 57 62 67 72 81 87 88 95 96 97 99 100 
1 2 3 4 5 9 12 16 19 23 30 36 43 62 71 78 89 98 99 
1 2 3 4 5 6 8 10 12 14 16 20 21 27 31 36 42 49 55 66 75 80 84 90 96 99 100 
1 2 3 4 7 9 13 17 22 26 33 39 49 67 81 90 94 98 100 
1 3 4 5 8 11 15 19 25 34 46 57 76 86 95 100 
2 3 4 5 6 7 8 10 14 15 20 29 36 40 47 58 63 70 78 86 92 97 99 100 
1 2 3 4 5 6 7 8 11 12 13 14 16 17 18 20 23 25 29 34 39 46 49 56 59 63 67 74 78 84 86 90 92 93 94 95 97 98 100 
1 2 4 5 7 8 10 13 19 27 33 37 48 58 66 73 83 91 97 100 
1 2 4 5 6 7 9 11 16 18 23 28 32 39 48 56 62 74 87 91 93 94 98 100 
1 2 3 5 7 8 12 13 15 22 24 27 33 43 46 51 57 69 72 77 84 88 93 96 97 100 
1 2 3 4 5 7 13 16 20 22 29 33 39 50 62 74 82 89 95 97 99 100 
1 2 3 6 7 8 9 10 12 16 19 29 39 42 54 65 74 84 91 96 100 
1 2 3 4 5 6 8 10 14 15 17 21 22 23 26 30 34 48 53 63 75 81 88 94 97 99 
1 2 3 4 6 7 8 9 10 13 14 15 16 18 21 25 32 34 41 46 59 64 73 81 88 92 94 99 100 
1 2 3 4 5 7 11 14 16 19 21 24 30 34 38 42 49 52 56 63 71 80 84 89 96 98 99 100 
1 2 4 6 7 10 11 13 16 18 22 26 31 38 47 56 64 74 82 85 94 97 99 100 
1 2 3 4 5 7 9 10 14 16 17 23 28 30 35 37 45 50 58 67 73 80 86 90 92 93 97 100 
2 3 4 5 6 7 8 9 12 14 17 23 33 44 54 65 76 82 88 93 97 100 
1 2 3 4 5 6 8 10 12 13 16 19 20 24 33 35 41 49 55 62 72 82 92 97 98 99 100 
1 2 3 6 7 10 11 12 13 14 16 18 19 29 34 38 43 47 50 56 63 67 76 82 86 92 95 96 97 100 
2 3 4 5 6 7 8 9 10 12 14 17 18 22 26 28 30 33 37 44 50 54 55 62 69 81 83 88 93 96 97 99 100 
1 5 8 10 20 28 41 58 68 86 100 
1 2 3 4 7 9 12 14 17 19 20 21 27 33 41 50 59 72 79 86 89 93 95 96 100 
1 2 3 4 5 6 7 9 10 11 13 14 15 16 17 18 20 23 26 29 31 32 36 41 47 49 50 53 55 58 65 73 75 77 81 87 90 95 96 99 100 
1 2 3 4 5 6 7 8 9 12 13 15 17 21 27 31 35 38 43 49 55 64 73 79 84 87 91 95 99 100 
1 2 3 4 5 7 8 9 12 15 16 18 20 23 26 29 31 32 41 46 52 56 60 64 70 76 82 87 96 97 99 100 
1 2 3 4 5 6 7 9 10 11 12 14 18 19 21 24 26 28 30 35 38 39 42 46 48 50 53 56 63 65 68 76 86 89 91 94 97 99 100 
1 2 3 5 6 7 8 9 11 12 15 16 17 18 23 26 30 34 37 40 43 44 48 50 58 66 71 77 83 88 90 91 92 97 100 
1 2 3 4 5 7 9 10 13 15 17 24 31 36 44 53 65 71 80 85 90 97 100 
1 2 3 4 5 7 9 14 15 16 18 24 30 37 43 49 61 69 80 89 94 99 100 
1 2 3 4 6 8 9 11 13 16 19 20 22 26 33 37 41 48 51 56 63 70 79 86 93 96 99 100 
1 3 8 10 14 17 21 25 29 36 42 47 60 72 78 81 91 93 98 99 
1 2 3 4 5 6 7 9 11 13 14 15 16 17 18 20 25 27 29 31 33 39 41 43 46 48 52 58 63 64 70 74 77 83 89 93 96 98 99 100 
1 2 3 4 5 6 8 11 13 14 15 20 24 27 35 42 50 55 66 77 84 88 92 99 100 
1 2 3 4 5 6 7 9 10 11 12 13 14 17 19 21 22 23 25 26 28 30 32 34 35 37 40 42 45 49 52 56 58 60 63 64 67 69 72 74 75 77 80 81 84 88 92 93 96 98 99 100 
1 3 4 5 7 8 10 14 15 19 24 31 39 44 45 52 55 59 60 62 68 72 76 84 89 92 96 97 98 100 
1 2 3 4 6 8 9 12 16 22 25 32 34 39 45 54 57 65 69 80 89 97 98 99 100 
1 2 3 4 5 7 8 9 10 12 17 19 26 31 38 42 49 63 69 79 88 93 97 99 100 
1 2 3 4 5 7 9 10 11 12 14 15 20 27 31 37 41 45 55 61 71 75 79 86 89 94 98 99 100 
1 2 3 4 5 6 7 8 10 12 13 14 15 16 17 22 24 29 32 38 45 52 58 63 74 79 80 83 88 91 96 99 100 
1 3 4 5 6 7 8 11 12 13 14 15 16 18 19 20 24 26 28 30 35 37 40 42 47 49 51 53 56 63 66 68 73 75 78 83 86 90 92 95 97 98 99 100 
1 2 3 4 5 7 9 12 13 16 18 24 26 28 30 33 38 42 50 54 57 64 73 80 84 88 95 97 99 100 
1 2 4 6 7 8 9 13 16 24 31 39 52 73 85 94 99 
1 2 4 5 6 7 10 11 13 19 20 23 24 25 29 32 37 41 47 51 57 62 64 68 80 86 88 93 96 100 
1 3 5 7 11 14 22 28 33 45 54 68 85 93 94 98 
1 3 4 5 6 7 8 9 10 11 13 14 17 18 21 23 25 26 27 28 29 30 32 35 37 39 40 46 47 49 53 58 60 68 75 80 82 87 92 96 97 99 100 
1 2 4 6 11 12 18 22 30 39 59 69 79 87 98 100 
1 2 3 4 5 7 8 9 10 11 13 14 16 17 22 26 28 34 36 40 44 48 51 58 69 72 77 89 92 97 99 100 
2 4 5 6 11 13 16 27 32 37 48 55 64 72 80 89 94 97 99 100 
1 2 3 4 5 6 7 8 9 10 11 12 14 16 19 20 21 22 23 24 25 29 32 35 37 38 39 40 43 46 48 50 51 55 60 64 67 73 76 83 85 89 92 93 94 95 98 99 100 
2 3 4 5 8 9 10 12 16 18 22 26 31 41 48 56 65 72 86 92 94 96 98 100 
1 2 3 5 6 7 8 12 13 15 19 21 25 31 35 45 51 55 72 79 87 96 99 100 
1 2 3 4 7 10 20 34 54 70 88 95 
1 2 4 6 8 9 10 11 12 13 15 21 26 35 44 48 58 68 73 83 91 95 97 100 
1 2 3 4 7 8 9 10 11 12 13 14 15 17 23 27 29 34 44 52 56 61 69 76 83 89 96 98 99 100 
1 2 4 6 7 9 10 12 16 20 26 34 42 51 65 75 82 91 98 99 100 
1 2 3 5 6 8 11 12 13 14 16 18 25 35 43 51 61 69 85 92 96 98 100 
1 2 3 4 5 7 8 10 14 17 20 24 27 33 38 41 46 60 71 79 82 93 95 97 99 100 
1 2 3 4 5 7 9 12 13 15 17 21 23 29 36 40 41 49 52 56 62 67 70 82 87 93 96 98 100 
1 2 3 4 5 6 7 8 11 13 16 17 18 21 28 37 39 45 57 61 64 70 83 89 96 98 100 
1 2 3 4 5 6 10 12 14 16 17 18 20 23 24 25 27 31 33 36 42 45 49 52 54 63 65 67 74 80 87 94 95 97 99 100 
1 2 4 5 7 9 12 16 21 27 32 40 58 70 87 98 
1 2 3 4 5 6 7 8 9 10 11 13 14 15 17 18 19 21 23 24 27 31 34 37 42 46 47 49 53 55 59 63 67 70 74 78 82 84 88 90 93 95 98 100 
1 2 4 5 6 7 9 11 16 17 21 27 39 48 63 78 88 93 98 100 
1 2 3 6 11 15 26 37 48 54 66 76 87 94 97 100 
1 2 3 4 7 9 11 13 16 23 30 38 42 49 57 69 78 87 94 98 100 
1 2 3 4 5 6 8 10 15 18 22 30 35 44 52 68 81 93 99 
5 7 10 16 24 31 46 57 72 83 96 
1 2 3 6 7 9 10 14 17 20 22 30 40 46 51 59 68 77 88 96 99 100 
1 2 3 4 5 7 9 10 11 14 15 16 17 18 19 20 21 22 23 26 27 28 29 30 32 34 36 39 40 42 44 45 47 53 55 59 62 65 66 68 70 71 76 80 82 84 86 89 91 94 97 99 100 
1 2 4 5 6 9 11 12 16 19 22 24 25 31 35 39 43 48 58 65 68 80 86 92 96 99 100 
1 2 3 5 6 7 11 15 17 18 20 21 23 24 26 29 35 37 40 41 44 46 53 60 63 65 69 73 78 80 86 89 94 95 97 99 100 
2 3 5 6 7 11 13 15 21 22 25 28 33 36 42 43 48 57 66 72 76 84 91 94 95 99 100 
1 2 3 4 5 6 7 8 9 10 11 13 15 17 19 20 24 28 34 37 43 51 59 62 67 74 81 90 99 100 
3 5 6 7 9 11 12 14 17 20 24 27 32 36 41 46 56 62 66 75 81 88 92 95 99 100 
1 2 3 5 6 7 8 10 13 19 22 27 30 37 42 49 58 67 76 82 85 92 95 99 100 
1 3 5 7 9 10 13 17 18 23 26 30 36 46 52 58 68 76 82 91 95 99 100 
1 2 3 5 7 8 10 11 15 16 18 20 27 28 32 38 42 48 56 65 67 69 76 81 88 93 95 98 100 
1 3 5 6 7 10 11 15 16 17 18 19 21 22 24 25 29 33 37 41 47 49 50 54 62 65 71 73 76 79 82 84 87 94 97 99 100 
1 2 3 4 5 6 12 15 17 20 23 26 28 32 34 42 48 57 66 70 81 87 91 95 99 100 
1 2 4 5 7 8 10 13 14 17 22 28 30 39 47 56 68 73 80 84 91 95 97 98 99 100 
1 3 5 6 8 9 11 12 13 15 16 19 22 27 30 34 41 46 49 54 64 70 74 81 87 92 96 97 99 100 
1 2 3 4 5 6 8 9 10 12 14 15 16 19 20 22 25 28 33 45 75 90 
1 2 4 5 6 9 11 15 21 26 33 39 52 61 73 81 91 94 99 100 
1 2 3 5 6 7 8 9 11 12 14 19 24 28 36 43 51 57 67 73 84 93 99 100 
1 2 3 4 6 8 10 12 14 17 18 21 28 34 45 52 62 73 83 91 97 100 
1 3 4 5 7 10 11 12 16 19 26 29 32 36 40 51 58 63 69 78 84 89 92 94 96 97 99 100 
1 2 3 4 5 7 8 11 14 15 19 22 25 31 37 46 53 62 71 81 90 94 99 100 
1 2 3 4 5 6 9 13 19 29 35 46 61 73 86 91 97 99 
1 2 3 6 8 10 16 20 24 29 35 38 47 52 57 64 66 78 85 93 95 98 100 
1 2 6 7 9 14 16 25 29 37 46 58 65 72 83 86 94 97 99 100 
1 2 3 4 6 9 10 14 16 18 21 23 26 29 39 44 52 61 68 77 85 90 94 96 98 99 100 
2 3 5 7 8 9 10 11 12 13 16 17 22 25 26 30 38 45 51 55 60 69 82 86 90 94 97 98 100 
