10 500 11 
21 18 18 16 15 15 12 12 12 11 11196
36 20 19 18 18 16 15 15 14 14 10035
46 42 39 38 33 26 25 24 21 19 9693
50 43 40 32 30 30 28 28 27 26 8869
52 41 41 37 37 37 33 33 31 30 7010
31 23 20 20 18 17 15 14 14 14 11244
68 30 25 24 23 21 19 19 18 18 9468
85 52 46 42 42 40 38 36 35 35 6626
23 19 18 16 15 14 14 14 14 13 10721
49 41 38 34 33 29 28 28 26 26 8442
23 21 20 17 16 16 16 14 14 13 10935
36 15 15 14 13 12 12 12 12 11 10598
39 39 30 29 27 25 23 22 20 20 9735
59 54 53 49 47 46 45 44 43 43 7705
27 25 22 22 19 18 18 17 16 16 10158
40 31 24 24 23 22 21 20 20 17 9649
36 30 28 24 24 23 23 22 21 21 9277
26 24 21 20 19 18 18 17 17 17 9376
28 25 24 22 22 22 19 17 16 14 10815
57 52 37 36 34 31 22 22 21 21 10280
46 44 42 36 31 31 30 26 25 24 9246
48 47 45 33 25 24 24 23 23 23 10164
46 33 24 24 22 22 21 20 20 20 9286
47 40 35 31 30 29 29 28 28 26 8502
24 24 23 22 21 18 17 16 15 14 10649
40 37 33 31 30 27 25 25 24 24 9719
44 39 36 32 32 32 30 29 29 29 8502
51 51 46 41 39 38 36 35 33 32 7957
13 12 12 12 12 10 10 10 8 8 11283
67 46 25 24 23 23 23 22 22 21 10037
91 87 86 82 77 73 65 60 60 57 5542
118 49 45 44 41 40 35 32 25 24 8539
57 56 48 40 38 37 37 35 32 30 7992
102 69 64 59 56 54 53 50 50 45 5400
61 50 45 43 43 40 39 38 37 36 7900
40 34 28 26 25 22 22 21 21 20 9873
41 29 28 27 26 23 23 20 20 19 9657
79 74 73 47 43 43 42 42 34 33 6281
22 21 21 18 18 18 18 18 17 17 10619
94 89 69 65 61 60 54 52 52 49 7028
49 39 29 26 24 23 21 21 20 20 10241
96 93 92 90 85 69 68 67 67 64 5174
44 42 42 35 33 30 30 29 27 27 8721
32 27 26 24 23 23 22 22 21 20 10010
37 31 27 26 24 23 23 21 20 19 9146
79 39 31 30 28 27 27 26 26 25 8515
67 57 47 38 37 34 33 32 30 30 8422
78 77 77 71 70 68 66 57 53 53 5646
55 47 44 33 31 30 30 27 27 25 8067
20 18 15 15 14 14 13 12 11 10 11025
54 51 48 48 44 36 33 32 32 32 7749
20 15 15 14 14 13 13 12 12 12 10185
77 60 60 59 57 56 53 49 47 45 8948
30 15 14 14 13 13 12 12 12 12 10487
113 72 54 36 35 32 32 31 30 28 9211
33 33 29 29 20 19 18 18 18 18 8806
116 107 95 89 83 81 75 72 66 60 4810
39 39 32 28 23 22 22 22 21 20 9665
33 30 29 26 26 25 22 21 20 20 8873
12 11 10 9 9 9 8 8 8 8 11218
51 36 30 30 24 24 23 23 22 20 9781
46 41 33 32 31 31 31 30 28 26 8945
26 21 20 20 19 19 18 17 17 16 10166
40 30 26 23 23 22 21 21 18 18 9354
40 32 31 29 28 27 27 25 24 24 7705
53 48 45 43 40 34 34 31 31 30 7486
63 48 35 33 31 30 28 26 24 24 9698
76 63 62 52 49 46 45 45 45 45 6680
21 18 17 17 16 14 14 11 11 10 11659
98 90 84 80 78 72 70 68 60 53 5144
25 24 22 22 21 20 17 16 16 15 9254
18 16 15 14 14 14 13 13 13 13 10271
36 22 21 20 19 19 19 18 18 16 10254
38 31 19 18 16 15 14 14 13 13 10378
13 12 11 11 11 11 11 11 11 10 10632
51 34 23 21 21 21 18 17 17 16 9746
114 94 88 79 76 71 71 70 70 68 5778
66 52 41 41 32 25 24 24 24 23 9743
104 52 46 41 41 40 39 38 38 38 7922
42 42 35 32 32 31 28 26 26 26 8712
62 39 35 32 31 30 28 27 26 25 8716
32 32 32 31 31 27 26 25 25 24 9453
36 35 32 26 26 24 23 21 19 19 9570
40 27 27 22 22 21 21 19 19 18 10714
61 48 40 35 35 34 34 33 31 31 8094
67 59 59 58 58 52 51 49 49 49 6938
41 34 31 30 28 25 24 24 24 24 9075
32 31 29 29 25 23 23 22 20 20 8864
63 46 46 43 43 38 33 33 31 29 7655
52 43 42 32 25 22 19 19 18 16 10742
26 23 20 20 17 16 15 15 15 14 9797
37 36 34 33 33 28 22 20 19 18 9962
24 23 22 20 19 19 18 18 17 17 9787
34 32 32 31 29 28 28 27 27 27 8205
30 24 23 22 21 20 20 19 18 18 9775
24 22 20 19 16 14 14 13 13 13 10481
44 36 29 28 28 28 24 24 20 20 9371
23 21 20 20 20 20 19 18 18 16 8946
28 27 26 25 24 24 23 23 23 22 9514
39 39 38 37 37 35 35 34 33 32 6804
