1 500 11 
21 11196
36 10035
46 9693
50 8869
52 7010
31 11244
68 9468
85 6626
23 10721
49 8442
23 10935
36 10598
39 9735
59 7705
27 10158
40 9649
36 9277
26 9376
28 10815
57 10280
46 9246
48 10164
46 9286
47 8502
24 10649
40 9719
44 8502
51 7957
13 11283
67 10037
91 5542
118 8539
57 7992
102 5400
61 7900
40 9873
41 9657
79 6281
22 10619
94 7028
49 10241
96 5174
44 8721
32 10010
37 9146
79 8515
67 8422
78 5646
55 8067
20 11025
54 7749
20 10185
77 8948
30 10487
113 9211
33 8806
116 4810
39 9665
33 8873
12 11218
51 9781
46 8945
26 10166
40 9354
40 7705
53 7486
63 9698
76 6680
21 11659
98 5144
25 9254
18 10271
36 10254
38 10378
13 10632
51 9746
114 5778
66 9743
104 7922
42 8712
62 8716
32 9453
36 9570
40 10714
61 8094
67 6938
41 9075
32 8864
63 7655
52 10742
26 9797
37 9962
24 9787
34 8205
30 9775
24 10481
44 9371
23 8946
28 9514
39 6804
