100 500 11 
21 15 18 16 15 6 18 12 4 3 9 3 3 3 8 3 11 12 6 10 9 6 2 10 8 12 4 4 4 9 8 3 4 8 3 4 4 8 5 3 6 5 1 1 1 3 3 2 7 3 2 6 6 7 4 3 5 0 6 6 6 9 2 9 4 8 9 8 5 3 8 7 4 2 3 4 1 3 5 3 5 3 3 1 1 2 5 3 4 6 2 8 5 2 11 4 3 1 5 4 11196
36 19 16 13 9 13 14 18 20 14 10 12 13 11 15 6 10 12 13 5 10 12 12 15 9 13 8 7 6 5 18 11 7 8 8 3 6 4 13 11 8 14 4 5 6 7 13 4 5 13 7 9 4 7 11 6 7 4 5 7 6 9 8 5 7 5 5 5 6 12 3 7 6 3 10 7 12 4 5 7 3 13 9 6 10 13 6 6 8 5 3 5 6 5 8 8 3 7 7 11 10035
42 39 33 46 25 38 26 14 16 17 10 18 18 18 11 21 24 13 15 14 19 12 16 17 15 18 9 11 11 18 11 15 18 15 17 14 9 14 7 5 13 10 16 16 12 11 13 11 11 11 6 11 9 14 10 10 18 8 15 10 9 1 8 5 6 12 11 7 9 10 9 15 13 3 4 6 5 11 7 7 11 5 7 3 4 7 9 10 4 9 11 6 7 4 4 4 8 9 9 12 9693
40 43 50 32 26 30 30 25 23 28 15 27 14 20 17 13 20 17 14 23 22 28 14 16 17 11 16 15 24 9 14 14 16 13 19 25 10 15 15 17 12 11 19 10 7 15 9 15 6 15 12 13 11 13 9 6 19 8 9 16 12 18 12 11 18 12 10 17 8 17 7 9 9 7 10 13 12 4 14 11 13 10 6 8 11 11 10 8 8 8 11 9 6 11 4 4 11 8 6 9 8869
41 52 37 41 27 28 33 26 28 23 28 37 33 26 22 30 27 17 17 37 17 18 19 26 19 22 17 17 19 31 15 19 9 16 24 11 23 19 20 19 21 15 18 25 25 14 9 13 14 15 15 29 9 21 12 26 26 11 19 18 15 17 11 10 12 19 13 10 10 7 12 11 11 8 15 7 10 19 11 19 26 17 15 18 20 14 14 11 19 13 24 8 9 13 9 16 11 7 14 12 7010
31 23 20 15 12 5 14 18 20 14 9 14 7 10 7 6 2 6 10 6 17 5 14 4 10 5 9 5 7 4 4 8 5 7 6 3 6 7 11 4 6 7 8 7 9 4 3 5 3 10 5 4 9 4 2 3 7 6 4 1 4 5 4 3 1 3 2 7 3 3 1 2 5 1 4 5 2 5 3 3 1 4 2 4 1 4 4 4 3 5 7 3 5 4 4 7 4 3 4 2 11244
68 30 24 21 19 15 19 12 23 25 9 13 17 14 9 5 16 12 8 16 14 2 11 7 13 18 6 18 7 9 5 9 10 12 13 6 11 5 9 8 12 6 5 9 10 11 10 6 9 8 9 4 14 11 9 3 3 8 8 17 7 7 5 8 7 6 7 7 2 6 7 8 2 9 8 11 6 6 2 5 5 2 8 6 3 7 8 5 6 9 7 11 1 5 4 9 4 2 2 7 9468
85 46 52 42 40 42 23 29 35 22 19 23 31 35 33 21 32 38 28 27 24 25 20 22 29 32 36 18 28 25 26 25 17 23 21 31 19 7 20 21 18 30 19 20 18 21 22 25 14 29 22 14 20 12 24 14 16 19 16 22 20 15 19 17 18 12 15 22 15 20 14 12 15 25 18 11 25 15 16 24 16 17 17 15 9 15 14 16 10 20 15 12 14 12 17 13 12 9 12 15 6626
16 23 10 18 13 7 11 14 14 15 10 6 14 19 6 9 10 13 7 6 12 5 6 7 10 12 6 2 6 8 5 9 4 11 4 4 7 9 6 5 6 7 9 2 3 6 6 13 5 5 9 6 11 9 2 4 7 5 12 3 6 6 8 4 3 3 3 6 7 6 2 4 3 5 9 8 2 4 8 5 5 12 6 3 8 1 3 3 3 3 2 2 6 6 2 0 14 6 8 2 10721
49 41 28 38 33 34 26 28 26 20 12 22 29 22 19 20 21 21 14 10 19 15 8 13 13 17 13 13 15 10 11 17 11 12 14 13 11 11 16 18 17 19 9 16 10 15 17 9 9 17 14 14 16 13 12 16 12 11 10 12 13 15 17 7 11 12 4 14 7 15 6 7 6 19 7 9 11 6 11 8 10 8 7 10 14 10 10 5 8 11 9 6 10 5 6 11 7 5 6 11 8442
23 21 20 11 13 14 13 16 16 12 9 9 17 13 9 9 10 12 6 13 12 9 7 5 12 16 7 11 11 3 5 6 6 9 6 4 6 6 1 5 8 8 6 7 7 10 8 7 5 6 6 2 5 5 5 4 7 8 2 7 14 6 4 6 11 6 3 8 4 6 6 5 7 6 10 4 7 6 4 8 1 6 11 5 10 4 4 9 3 5 5 6 3 7 4 5 5 2 5 2 10935
36 12 10 11 12 10 12 8 8 15 13 10 9 4 9 7 9 9 10 5 7 5 11 15 6 2 5 7 3 7 7 2 5 1 8 14 5 8 8 6 4 6 2 2 8 5 4 7 5 6 6 3 5 4 3 5 4 6 4 11 4 1 4 2 3 4 2 4 6 4 4 7 6 5 3 6 4 3 5 3 7 1 4 2 3 4 2 6 3 7 4 6 3 1 2 4 1 4 6 4 10598
39 29 39 30 23 27 22 10 20 17 14 13 19 10 17 8 11 19 19 20 9 9 25 4 7 14 13 8 17 17 19 5 9 14 10 9 10 6 10 12 7 6 8 14 7 14 9 7 14 3 18 13 5 11 10 13 5 12 8 13 13 4 7 14 11 7 4 5 3 6 6 8 7 12 13 14 8 11 11 6 10 4 11 11 7 6 5 10 6 14 1 12 5 10 4 10 8 6 17 10 9735
59 54 45 49 43 53 46 44 43 35 47 40 42 26 43 30 25 27 23 20 25 26 30 29 26 25 20 24 18 25 15 25 32 23 33 27 24 18 23 20 24 21 19 21 33 31 29 21 26 23 24 19 17 17 23 12 21 16 29 21 24 22 15 19 17 13 18 14 17 16 23 17 16 19 5 15 13 22 8 23 21 15 22 13 16 15 5 6 12 15 11 10 8 21 9 17 17 18 13 14 7705
22 27 25 17 19 10 18 16 9 14 11 14 13 12 16 13 8 13 14 12 12 11 22 12 12 13 9 12 13 18 12 8 8 12 6 3 8 7 6 9 11 8 9 3 6 9 7 9 10 6 4 8 11 5 4 7 4 7 4 8 10 5 4 4 13 6 8 2 8 7 5 8 2 3 9 3 9 5 5 9 9 3 6 7 5 4 11 11 10 6 7 5 9 3 4 5 5 2 7 5 10158
40 31 24 24 23 16 20 22 14 12 12 16 16 16 17 14 13 9 13 10 16 9 10 7 10 20 11 11 8 14 11 15 6 6 12 12 7 17 10 9 7 9 21 10 14 6 14 10 13 5 9 10 11 6 7 6 7 11 10 1 15 7 7 10 6 7 4 8 11 7 6 8 6 5 9 13 8 8 1 6 11 4 5 7 7 2 6 6 2 5 7 9 3 6 2 9 8 2 13 6 9649
36 30 23 28 16 23 18 15 18 24 14 15 14 18 21 18 20 7 17 11 12 21 15 9 24 11 11 22 21 11 14 14 16 14 15 17 14 12 21 15 7 19 12 10 18 13 10 7 19 11 11 8 10 14 7 2 18 10 8 18 5 14 14 6 6 16 10 9 10 10 10 7 10 4 13 5 7 2 14 10 6 5 2 10 12 9 5 4 4 8 5 12 3 8 6 7 8 10 13 15 9277
24 26 21 14 17 17 19 12 13 20 13 15 15 18 9 11 16 15 13 13 9 15 9 14 16 11 17 9 13 9 12 10 11 9 8 9 6 10 10 10 10 6 12 5 5 5 6 7 9 4 7 13 8 7 16 10 8 18 9 6 9 11 4 9 9 8 1 11 12 3 6 7 17 6 5 7 11 10 8 8 5 13 8 7 8 5 10 8 10 17 10 7 10 3 17 8 8 6 7 8 9376
28 22 25 22 22 24 16 5 13 10 6 10 9 10 5 10 6 9 13 11 6 9 17 10 14 12 8 19 7 5 6 7 2 10 5 9 7 9 7 7 2 1 9 4 5 6 9 5 10 6 3 6 4 8 11 9 12 4 8 2 7 11 12 7 3 6 3 6 4 6 1 7 7 10 7 4 1 3 4 6 10 5 1 7 3 4 7 3 12 9 5 3 2 4 5 4 2 9 10 4 10815
57 52 34 31 37 18 36 19 21 22 17 12 16 21 7 11 12 19 19 13 22 14 7 8 10 10 8 10 13 9 2 16 10 6 16 16 8 11 17 12 19 5 8 10 8 5 10 7 10 8 9 6 9 13 9 6 5 4 15 9 10 10 7 7 7 8 10 7 4 6 2 7 11 4 4 5 7 4 0 12 3 8 3 7 8 10 6 3 5 7 4 10 7 5 8 10 11 10 6 5 10280
36 42 46 24 44 30 25 31 22 26 20 13 16 17 17 31 15 18 11 22 21 11 16 15 18 10 16 9 12 15 11 8 9 11 15 11 12 14 15 6 16 8 19 17 11 12 13 7 10 15 8 13 10 8 10 11 13 11 12 9 22 14 8 9 12 11 3 7 11 5 7 9 10 11 7 4 11 15 4 7 6 8 6 6 7 13 7 9 9 9 8 13 4 13 8 9 11 5 4 4 9246
33 47 45 25 48 21 19 19 23 18 15 23 22 22 16 14 21 14 22 24 16 14 23 23 16 13 10 17 13 8 12 9 13 24 16 17 15 10 7 16 13 12 18 7 15 12 8 7 8 12 7 7 16 10 4 12 15 9 3 7 11 8 19 8 4 8 4 14 17 7 5 12 6 8 7 5 5 9 6 10 9 12 9 5 6 8 5 9 9 11 3 6 11 2 1 4 4 4 7 4 10164
46 22 20 33 18 22 16 17 12 24 21 17 16 15 24 7 11 20 20 19 14 18 8 14 12 17 14 15 8 10 8 9 12 10 8 11 11 5 9 10 7 4 10 9 15 7 5 9 3 12 9 6 13 14 11 9 11 10 7 5 13 5 8 8 10 11 8 13 5 15 10 8 5 12 7 11 3 2 5 9 7 10 4 11 13 6 7 12 7 8 5 8 6 11 10 5 9 4 12 13 9286
47 29 31 30 28 20 28 40 29 17 25 19 18 23 19 25 11 15 20 19 26 10 20 14 20 11 12 10 13 25 15 35 10 16 11 20 12 21 18 11 13 8 12 17 12 7 17 13 9 9 13 16 20 6 14 8 10 12 25 15 12 5 14 17 15 4 13 12 5 11 14 9 12 17 10 15 8 4 15 15 4 10 19 14 8 23 9 13 5 15 12 13 7 11 19 10 5 9 13 9 8502
24 24 21 18 17 10 14 10 9 22 14 15 13 23 11 8 12 16 10 7 11 14 4 11 9 8 10 12 7 13 8 3 6 11 8 6 9 9 11 6 7 9 2 12 4 7 9 3 9 6 8 3 5 4 7 4 7 8 10 4 7 8 6 5 10 10 7 8 9 5 7 10 9 1 6 6 9 6 6 2 11 8 7 1 9 7 5 6 5 3 3 6 2 10 1 8 4 10 5 2 10649
40 37 33 31 23 20 25 23 25 20 30 18 24 24 15 11 27 19 8 15 12 17 19 19 11 13 22 17 12 20 7 15 17 6 8 6 12 15 13 9 13 9 12 12 11 9 8 7 10 8 15 15 15 8 12 12 15 10 13 7 8 9 14 9 9 6 6 9 11 10 13 17 10 9 14 7 12 7 10 8 11 7 13 11 7 8 15 10 6 8 9 10 7 7 4 8 7 3 2 9 9719
39 32 44 36 24 21 23 18 32 20 15 26 29 23 22 32 18 18 18 29 20 20 11 29 20 19 13 20 16 15 15 19 17 27 16 30 14 19 14 17 13 14 11 17 13 11 20 22 17 13 10 11 11 8 10 11 10 19 13 9 16 12 12 6 14 20 20 16 11 17 25 8 12 9 6 4 3 19 8 5 3 14 20 13 8 8 10 20 11 14 10 8 9 11 3 12 10 6 9 13 8502
51 41 46 39 51 20 30 33 25 25 32 29 24 36 28 38 16 24 18 35 27 18 18 20 25 17 17 21 21 19 17 23 23 25 28 13 11 16 29 9 10 24 12 17 13 13 12 12 11 13 14 17 18 10 12 12 24 12 18 14 8 18 8 19 20 17 14 12 12 19 28 9 9 14 12 15 14 9 12 10 19 13 6 14 13 10 12 30 16 5 10 5 12 16 13 8 4 9 14 18 7957
13 12 10 10 12 5 12 10 7 4 5 4 3 6 7 3 2 6 3 2 5 8 7 5 7 4 6 7 7 2 5 7 4 4 7 2 5 5 1 3 4 3 1 6 2 2 1 4 4 5 4 3 7 5 2 12 3 2 4 2 1 1 2 3 1 2 1 2 2 1 4 4 2 1 1 4 1 5 8 1 6 4 6 4 6 2 2 1 3 5 2 2 7 6 5 4 3 4 1 5 11283
67 46 22 25 23 16 22 23 17 18 19 21 13 9 14 21 18 17 14 9 19 10 9 24 8 11 7 14 9 9 14 13 10 23 7 10 10 11 11 8 5 9 10 9 18 11 9 9 11 12 11 7 12 14 12 10 6 11 3 13 13 7 14 4 10 12 12 12 8 9 11 15 13 12 21 6 2 7 2 10 12 8 9 8 11 8 2 5 5 9 10 7 9 5 13 8 6 2 4 7 10037
86 87 82 91 57 77 73 65 38 50 39 60 60 56 28 55 32 51 49 31 32 34 34 25 31 25 32 33 47 26 24 55 38 39 26 25 41 41 33 44 24 52 38 19 24 37 32 24 22 36 25 24 34 24 16 33 24 29 32 34 20 25 18 33 20 44 39 23 19 20 25 37 16 41 24 20 25 23 21 20 28 16 22 18 28 27 32 17 19 33 21 18 18 21 27 18 15 20 21 26 5542
118 49 40 45 41 35 23 44 32 15 22 19 18 25 21 15 24 24 20 19 19 24 12 15 22 9 21 20 20 17 12 11 13 15 17 18 13 19 13 14 19 18 10 9 12 16 16 11 11 13 19 17 11 11 6 12 11 17 10 5 11 14 9 10 8 14 10 10 14 9 12 6 5 14 12 7 7 15 7 20 16 13 7 6 10 6 3 8 12 12 12 13 18 11 11 5 14 8 5 9 8539
56 57 35 48 38 37 37 29 26 26 27 40 30 30 24 32 25 18 29 24 28 30 27 22 17 29 17 25 17 18 25 12 18 9 23 18 23 16 16 17 22 23 24 15 17 18 10 8 16 16 12 13 15 10 9 18 15 8 21 16 5 11 13 11 14 18 12 9 8 12 14 13 8 12 7 16 11 8 10 18 11 11 13 8 10 8 4 12 14 14 8 11 10 9 10 9 5 15 8 18 7992
102 64 54 59 69 37 45 56 37 50 44 33 50 32 53 34 37 34 30 25 34 38 31 28 33 24 39 36 35 30 30 27 35 32 29 27 20 21 37 29 19 23 27 22 17 25 21 21 18 18 18 14 30 16 11 17 19 11 29 22 17 31 26 21 17 17 18 26 21 16 18 19 18 17 24 17 7 26 16 18 14 26 20 22 12 12 12 17 21 18 30 17 14 15 23 17 15 38 23 21 5400
50 61 35 33 38 37 39 36 30 40 45 43 22 34 43 36 25 23 29 27 27 29 26 34 26 20 27 31 16 24 20 19 34 17 24 18 21 29 25 23 17 16 20 18 14 22 16 16 17 29 26 23 19 9 14 14 18 14 9 24 18 18 29 25 11 18 12 17 10 13 14 15 17 15 22 15 13 7 26 17 9 13 15 15 9 25 20 18 13 16 14 18 13 7 17 9 15 7 12 17 7900
40 21 20 16 21 9 11 18 34 19 14 26 14 17 16 19 12 6 11 10 11 11 22 10 13 16 16 10 10 14 18 13 10 16 12 14 7 10 17 5 14 28 9 10 8 16 11 22 25 8 8 8 6 12 14 5 8 12 19 7 11 7 12 13 11 8 12 14 8 10 16 11 12 13 6 10 5 8 5 6 10 10 9 4 4 5 5 11 10 5 8 9 12 7 13 9 4 6 7 9 9873
41 27 29 28 23 19 20 13 26 10 19 11 14 15 10 19 18 10 12 19 13 13 7 12 8 13 15 10 13 23 16 5 9 14 17 10 12 19 11 11 12 10 8 13 7 8 16 20 9 7 6 10 14 11 10 8 9 9 15 11 8 14 7 6 9 14 14 10 6 10 15 6 8 11 10 7 15 5 7 12 7 9 15 5 12 10 9 4 8 8 7 8 7 5 5 8 9 13 6 8 9657
73 79 74 43 42 42 47 34 30 33 43 32 23 22 14 29 32 30 18 33 22 28 14 23 23 20 22 21 22 18 30 26 26 19 19 29 13 14 29 16 19 16 21 16 15 17 22 19 16 16 17 12 15 19 10 14 22 11 12 14 20 15 9 13 14 12 18 21 19 20 15 17 14 13 13 12 11 17 16 13 15 11 23 21 12 17 14 14 12 10 15 10 19 13 12 13 20 16 15 22 6281
17 15 18 17 18 21 11 18 18 12 18 16 15 7 11 21 10 16 15 13 22 12 11 6 9 9 16 10 12 8 16 7 13 7 12 4 14 8 13 8 14 11 7 6 13 9 11 14 14 8 8 8 4 4 7 8 11 8 10 4 8 5 8 5 4 10 8 4 9 2 6 2 7 9 2 4 10 4 7 7 11 2 3 2 3 8 7 1 6 10 5 0 6 6 7 4 7 7 4 8 10619
89 94 69 54 61 60 65 49 37 39 43 35 35 46 35 49 29 38 36 34 46 26 32 31 42 29 28 24 27 29 26 35 35 29 33 31 22 20 16 28 16 32 20 22 52 16 18 25 22 22 23 20 23 23 26 11 36 34 24 17 15 23 19 17 21 16 13 52 16 33 20 20 18 14 29 13 27 15 25 29 15 22 14 24 20 24 9 23 14 17 17 17 19 18 15 17 19 19 16 23 7028
49 39 26 29 16 19 21 24 16 20 12 11 20 20 16 16 23 6 16 11 12 14 12 18 7 14 8 6 4 11 8 9 6 13 9 12 8 12 11 10 21 7 7 19 8 17 9 3 8 14 8 10 12 5 7 10 10 8 4 3 7 3 14 9 5 7 11 6 13 10 10 12 7 7 6 4 8 8 12 6 3 2 11 3 7 5 5 6 13 9 3 4 10 8 8 7 11 3 7 10 10241
96 90 93 92 61 85 56 67 43 52 69 58 63 67 59 50 50 68 40 52 49 56 41 48 38 62 46 36 51 35 64 41 49 53 34 43 43 59 32 29 41 59 60 46 38 21 58 36 39 54 42 44 35 38 24 16 18 40 31 22 39 33 30 37 37 22 27 42 40 31 22 39 44 40 30 31 25 38 27 45 18 28 22 35 21 32 17 18 19 21 33 17 24 27 13 28 24 33 21 48 5174
42 42 44 26 33 24 23 35 26 26 29 27 20 21 21 25 16 21 21 27 30 21 18 18 13 18 13 22 23 20 18 24 12 23 23 23 20 14 26 22 17 18 9 22 19 13 20 18 17 14 21 16 30 22 20 9 21 22 9 13 13 17 10 24 12 12 11 7 12 13 10 18 24 10 11 5 7 22 15 16 10 10 9 3 11 7 8 7 9 8 11 8 16 3 21 22 10 10 4 10 8721
26 22 23 23 27 32 20 20 24 18 17 17 12 22 18 14 11 20 17 21 11 12 11 18 11 15 17 9 18 16 13 15 11 10 9 8 12 12 12 12 7 11 9 16 16 8 17 15 6 10 15 9 13 17 14 7 11 5 7 6 6 5 7 9 5 10 9 15 4 5 7 8 6 11 15 6 15 2 7 8 6 13 6 5 7 7 3 5 13 11 5 9 13 6 7 7 9 7 6 5 10010
24 27 31 26 37 21 23 23 20 16 17 12 17 19 13 5 14 12 10 7 11 9 14 9 9 15 10 11 9 12 14 9 13 10 14 6 4 14 13 12 16 8 12 12 5 6 10 8 16 7 12 9 8 4 7 6 9 9 9 16 16 13 8 14 10 4 5 9 6 10 14 6 6 15 9 4 11 3 5 7 6 7 9 5 7 13 8 8 7 11 1 7 9 3 10 7 6 9 7 6 9146
79 39 26 18 27 16 31 25 21 28 24 18 27 22 18 17 19 19 18 19 30 18 15 16 26 17 13 21 17 15 12 12 3 10 13 6 11 11 14 18 14 20 19 14 11 19 13 12 15 10 11 16 11 13 16 10 8 12 8 16 11 15 18 8 8 6 9 7 5 12 16 8 1 11 6 9 13 13 11 7 13 6 10 14 8 7 13 8 5 5 5 9 11 11 6 17 12 13 13 9 8515
67 47 57 32 30 30 26 29 27 33 37 15 28 24 38 29 23 23 23 34 20 18 22 25 18 21 19 23 21 21 14 18 19 11 19 17 17 23 14 13 19 14 16 8 18 17 18 12 14 18 14 21 17 22 10 16 7 20 16 19 10 16 7 13 13 15 21 20 14 14 10 13 14 7 17 8 14 16 19 9 13 8 16 15 10 8 11 18 14 17 9 17 11 9 15 14 8 5 10 15 8422
77 68 71 77 70 46 78 57 42 53 66 45 36 44 51 40 36 30 36 24 26 45 27 34 34 28 43 28 42 36 42 40 27 24 37 36 53 41 32 26 24 33 32 32 25 53 21 35 27 19 49 33 21 37 23 50 27 18 24 17 30 17 20 21 22 29 48 27 42 11 22 27 23 31 20 20 21 26 32 27 16 32 25 24 18 15 35 28 19 41 31 34 29 19 9 22 21 17 16 19 5646
55 47 33 25 44 21 18 22 23 30 13 20 30 24 21 16 25 23 14 19 19 21 17 9 13 31 6 27 10 21 14 14 21 17 23 8 17 12 12 10 21 16 9 25 8 10 11 9 7 11 14 11 15 18 4 27 16 6 13 12 10 10 15 6 6 10 14 9 11 9 11 7 16 14 10 15 8 20 5 9 6 16 13 10 14 15 5 22 14 6 2 8 6 7 11 11 10 7 4 9 8067
14 18 15 20 15 8 14 8 12 9 13 6 4 10 7 6 3 5 5 10 4 8 6 2 5 11 8 6 8 5 4 2 3 8 3 10 7 5 8 4 2 4 7 4 6 4 4 2 4 9 1 7 5 10 6 7 4 4 4 0 5 2 4 2 4 2 7 5 5 8 9 1 4 3 1 5 4 4 4 3 5 5 5 3 4 3 3 1 6 4 2 3 3 1 6 7 3 4 3 2 11025
51 54 48 44 48 32 36 28 32 29 32 26 20 33 29 24 28 28 21 22 26 30 28 19 26 23 16 19 16 22 20 18 22 18 28 17 13 16 11 12 17 18 28 14 15 10 20 11 16 12 22 12 18 18 21 8 11 15 18 11 19 9 14 11 17 12 7 15 15 19 16 21 16 11 13 27 13 9 12 12 20 20 9 10 17 13 15 12 12 12 8 8 7 9 12 7 12 9 7 12 7749
20 11 13 9 7 12 14 6 15 10 12 6 15 9 5 10 5 12 6 10 10 14 4 6 5 10 4 7 4 9 3 4 7 11 4 7 7 7 4 11 3 7 3 9 8 6 6 6 7 10 5 8 9 12 8 5 3 7 10 4 5 10 5 1 5 7 4 5 4 5 4 2 5 0 8 13 4 0 3 5 4 3 3 6 5 7 7 1 4 8 9 4 6 1 5 4 4 4 1 3 10185
77 59 60 60 42 56 35 53 57 41 37 45 39 40 49 47 28 38 28 42 26 25 31 37 40 27 30 35 38 19 26 17 23 32 38 14 20 18 44 17 19 27 21 27 19 15 40 23 15 23 18 15 17 34 17 7 23 20 9 14 17 19 17 22 11 15 10 19 14 21 15 9 20 15 8 17 10 23 17 11 11 9 14 9 29 10 11 24 10 23 12 11 10 20 12 14 15 25 7 6 8948
30 11 9 12 10 14 12 8 6 6 13 13 12 10 7 6 12 5 5 7 14 6 2 8 6 5 6 4 5 6 7 8 12 2 5 4 8 4 10 10 6 4 7 4 15 6 6 8 6 6 3 1 5 6 6 1 3 9 3 9 2 3 6 4 4 2 5 4 8 4 3 6 7 3 2 5 7 2 10 6 4 2 2 8 2 6 10 3 2 7 5 2 3 6 7 7 9 8 5 6 10487
113 72 54 32 31 32 35 21 30 36 18 22 20 23 11 18 19 28 19 21 16 17 11 9 12 19 27 13 23 10 12 15 14 17 9 18 9 16 7 18 13 13 14 8 15 10 16 16 19 19 6 12 5 10 10 1 9 10 7 4 6 8 6 6 5 9 16 11 14 14 5 6 6 3 6 13 9 9 4 6 16 7 6 4 10 3 6 7 9 6 12 8 4 9 4 10 7 9 9 6 9211
29 29 18 33 33 14 14 11 18 17 11 16 16 18 18 19 14 12 11 14 9 13 10 13 12 14 5 8 11 10 7 17 9 10 7 14 11 7 8 14 8 12 9 13 10 11 7 12 6 14 5 13 11 18 14 8 4 5 9 7 8 14 10 5 13 12 3 16 20 6 4 9 4 7 9 11 7 6 11 9 6 8 6 1 6 9 6 6 5 11 8 7 6 8 11 3 9 10 10 14 8806
107 75 95 83 89 116 72 66 81 51 50 49 56 37 60 26 43 38 51 29 42 39 53 21 24 31 40 41 26 38 45 35 49 50 48 34 27 31 29 26 30 24 49 24 27 26 24 23 37 21 33 23 26 22 39 36 15 38 20 39 18 17 22 28 13 32 19 19 20 18 20 22 23 22 18 32 22 17 37 20 32 13 39 12 16 18 20 14 27 36 22 21 11 20 27 13 17 20 31 30 4810
39 39 22 22 28 32 23 13 20 19 16 10 11 18 22 21 13 18 19 10 14 18 16 15 13 17 17 16 15 14 12 16 15 11 13 10 8 12 12 7 13 11 12 8 8 9 13 13 12 11 9 15 13 9 8 18 7 10 8 13 10 8 11 6 14 11 2 11 9 8 8 11 7 10 10 7 3 8 9 4 9 13 8 14 9 4 7 6 12 8 8 2 12 3 10 8 14 7 10 8 9665
29 21 30 26 17 20 33 26 16 25 17 14 8 20 20 16 22 12 14 20 11 13 15 8 13 10 16 8 10 18 12 10 14 8 12 11 4 14 11 8 5 6 11 10 13 11 7 13 7 8 13 5 5 5 9 5 11 13 8 15 7 8 9 5 16 10 8 9 8 7 8 7 6 5 8 6 7 6 5 4 11 8 6 8 6 11 6 6 5 10 7 4 12 11 8 9 8 11 3 8 8873
11 10 1 12 9 4 6 3 5 3 8 2 6 4 1 2 2 4 4 2 6 6 4 5 4 5 5 4 7 8 3 2 3 4 7 3 1 2 4 8 3 4 3 2 5 5 3 2 2 2 5 3 6 2 4 5 4 5 1 1 2 2 0 0 5 5 2 6 4 5 4 6 4 1 2 5 6 1 3 2 0 6 7 3 4 6 3 3 2 0 3 2 3 4 4 3 4 5 0 4 11218
51 30 22 23 36 30 24 23 24 15 6 15 20 14 14 7 14 15 7 16 12 13 15 13 9 7 13 10 10 17 19 11 10 12 13 10 7 9 12 12 12 9 6 7 13 6 8 9 11 9 9 13 10 12 10 18 9 15 13 10 10 6 9 15 7 12 13 11 7 7 14 6 8 12 5 5 11 7 3 8 5 10 3 5 9 10 13 6 8 16 14 8 12 6 7 3 4 6 9 4 9781
46 41 28 31 32 31 26 33 21 30 20 31 18 15 17 12 18 13 19 14 10 11 23 14 14 25 14 22 12 18 10 17 9 19 13 14 10 14 6 13 9 15 15 14 10 13 15 18 8 12 13 9 17 8 14 10 11 17 11 15 12 7 11 6 7 18 10 5 10 8 8 9 9 14 9 13 10 8 6 9 18 6 6 5 13 14 1 6 8 7 6 8 16 7 3 13 16 7 7 11 8945
21 11 19 20 12 19 6 8 26 13 20 10 10 13 7 13 9 14 5 17 9 10 11 12 7 9 9 4 6 8 12 9 15 12 7 5 8 8 15 4 10 10 4 6 11 11 7 6 17 8 14 11 5 16 4 6 10 7 9 5 9 8 11 7 5 8 8 2 14 13 18 8 6 8 12 7 4 8 7 8 5 4 7 3 9 8 11 10 14 5 5 7 12 9 5 4 10 6 11 8 10166
30 40 23 18 21 18 8 26 21 10 12 12 17 13 23 6 11 12 12 11 11 6 9 9 11 3 15 10 18 8 9 14 11 14 6 9 8 22 7 10 6 11 12 6 8 7 5 11 10 5 9 9 7 8 8 5 12 8 10 6 6 12 6 8 4 6 4 10 2 4 7 10 8 11 7 9 5 5 6 9 11 8 7 6 7 6 4 6 5 7 6 16 3 11 2 10 6 13 6 5 9354
40 29 27 23 21 28 31 24 25 20 32 19 12 27 21 14 14 19 23 15 18 16 13 24 20 23 22 17 14 17 18 13 14 16 23 14 17 14 10 14 13 12 14 14 18 18 15 18 13 12 11 10 14 13 7 14 11 21 20 14 17 10 20 12 8 18 12 13 22 15 22 9 17 14 10 13 10 10 14 13 16 10 13 3 19 13 10 10 8 9 15 10 13 15 10 7 12 11 12 12 7705
53 48 45 43 40 21 30 23 30 31 34 34 19 20 26 21 31 20 19 22 17 23 18 17 20 10 23 22 14 21 20 19 26 24 20 16 13 17 17 19 30 20 11 16 15 15 21 24 23 21 12 17 14 11 21 11 11 15 12 13 13 10 11 17 11 8 14 9 29 9 17 15 9 17 9 11 12 9 14 11 10 13 6 11 11 13 4 14 8 14 16 8 9 6 11 11 4 10 10 20 7486
63 48 33 30 35 31 21 24 12 28 16 22 16 21 26 24 15 14 24 21 12 20 13 15 11 15 12 16 13 15 16 12 17 13 8 16 13 16 12 15 12 13 9 8 8 15 7 5 6 10 12 12 12 7 22 8 7 9 8 19 15 8 14 8 6 16 8 9 11 15 17 8 7 9 17 12 15 5 11 11 8 10 12 6 7 6 8 13 10 8 2 2 6 12 9 7 9 6 8 6 9698
62 76 63 45 45 52 45 37 49 39 42 32 45 46 39 42 34 27 38 36 38 29 34 29 21 30 35 33 29 20 29 20 19 15 15 35 14 20 28 19 24 22 26 27 26 14 30 17 23 26 28 27 34 24 21 23 26 15 23 18 26 16 17 20 24 20 16 26 15 20 22 17 20 17 12 20 15 17 17 15 14 22 20 16 18 13 10 14 10 16 9 23 16 15 14 14 12 14 16 17 6680
17 21 16 14 14 11 10 2 10 18 9 11 8 4 9 7 8 3 17 2 9 6 6 8 4 1 2 4 3 7 7 5 2 1 6 8 6 3 1 8 4 7 4 4 2 3 7 2 4 4 2 3 2 5 1 5 4 4 4 10 5 1 5 9 2 4 3 5 5 1 2 2 2 2 4 2 4 3 1 1 3 3 2 7 4 2 3 6 1 0 4 2 3 1 4 4 3 0 5 1 11659
84 80 78 90 38 37 52 46 98 44 46 60 49 53 36 42 33 50 30 26 26 37 34 29 35 29 23 34 23 43 40 27 37 70 25 34 41 35 47 24 25 68 33 35 29 72 34 27 19 34 21 22 27 36 24 19 19 32 36 29 21 41 13 38 18 22 27 25 37 15 21 17 33 33 22 25 26 16 26 23 42 20 28 38 16 20 24 22 17 17 18 30 19 15 13 50 21 15 23 28 5144
20 17 14 24 11 14 22 8 14 21 15 25 22 16 12 15 13 7 8 9 16 6 12 11 10 11 10 8 7 9 10 7 10 6 9 8 14 10 10 10 6 8 5 8 7 10 14 8 11 8 7 7 10 7 6 4 12 7 8 8 7 8 12 5 8 10 4 4 11 7 6 9 10 8 6 5 11 10 8 5 6 3 9 7 4 9 7 6 9 9 7 4 5 3 6 9 7 6 7 8 9254
16 11 14 9 18 8 14 11 8 10 13 10 9 6 3 11 13 8 6 7 10 8 6 10 8 5 11 5 10 6 6 5 3 7 7 6 9 4 14 2 4 6 15 7 2 5 4 2 10 10 8 13 3 5 10 10 8 8 5 6 4 6 5 4 8 10 7 9 13 3 9 4 9 9 6 3 4 4 3 6 4 9 9 5 1 9 7 4 6 1 8 13 9 5 3 8 5 1 4 10 10271
36 21 18 13 13 19 16 14 18 19 14 12 7 22 6 9 8 13 20 11 11 9 12 19 11 11 12 12 11 7 6 7 9 11 7 10 12 11 10 6 9 12 6 4 10 3 5 10 4 8 10 2 5 3 7 8 6 5 6 4 5 5 6 6 6 8 16 8 2 10 3 2 6 6 1 7 5 8 1 4 2 3 6 4 4 12 7 8 3 5 10 4 7 3 5 4 3 4 10 5 10254
38 31 15 18 12 10 7 4 12 12 8 9 12 8 14 13 14 8 2 9 16 9 5 8 8 3 6 6 5 1 2 7 2 3 1 7 5 5 4 19 4 1 2 3 2 4 4 6 8 2 2 3 10 6 4 4 13 3 4 4 2 6 4 6 9 6 3 4 7 1 4 7 5 4 3 6 2 2 8 4 3 5 3 1 3 4 5 5 3 12 2 1 4 6 10 3 0 3 2 8 10378
8 7 5 11 7 3 11 6 4 5 9 7 10 0 4 7 7 5 10 8 6 5 5 4 4 6 7 2 11 2 5 9 2 5 2 8 8 1 5 0 6 4 4 5 5 2 3 0 5 1 6 11 4 8 6 4 2 2 3 1 5 4 3 6 1 3 2 7 9 3 1 4 1 3 1 5 2 11 3 3 3 3 0 1 1 5 7 2 5 3 2 1 3 1 8 3 3 1 1 4 10632
51 34 18 23 21 21 13 10 10 15 15 9 17 13 15 14 14 16 17 9 14 10 11 11 4 7 10 7 12 10 9 7 21 11 6 11 12 8 7 5 10 11 9 15 6 4 4 11 3 3 8 5 9 10 4 4 10 2 6 9 13 6 11 4 10 4 8 7 3 5 5 5 8 6 11 7 4 6 10 5 6 3 2 6 7 5 4 6 3 3 4 2 3 5 8 1 5 3 4 7 9746
94 70 62 114 76 47 70 53 47 42 66 88 59 37 71 37 51 68 71 45 39 64 63 38 27 79 61 52 40 64 37 56 44 49 32 35 34 24 64 41 22 40 29 38 22 28 16 30 19 31 33 15 20 27 31 21 13 21 31 28 29 16 36 27 47 26 31 28 12 29 21 23 31 25 31 14 35 22 22 21 13 15 32 39 19 13 16 30 20 34 10 25 14 22 14 12 17 29 17 24 5778
52 41 66 32 41 23 24 25 24 24 19 18 15 19 15 20 18 23 20 15 22 20 12 19 15 14 18 15 13 9 20 9 14 11 10 8 17 10 9 13 14 10 11 14 6 7 13 7 10 12 5 6 4 9 7 10 13 11 11 15 6 3 6 8 12 5 8 16 9 9 10 7 7 5 7 6 10 17 5 12 7 4 3 6 3 11 7 5 10 4 7 9 10 10 5 7 7 2 7 4 9743
104 39 52 40 38 46 35 34 32 29 35 38 28 32 34 26 41 35 26 27 24 30 18 21 31 35 22 26 23 38 20 26 19 41 20 26 13 19 25 20 24 17 20 19 25 33 16 20 7 14 19 19 18 27 24 22 28 14 11 22 11 13 26 20 15 38 14 15 19 18 12 10 20 14 30 11 10 16 21 12 15 19 14 17 15 16 10 10 12 16 12 6 10 12 12 7 6 27 4 9 7922
42 35 42 32 32 25 26 24 25 19 26 31 18 24 21 21 21 26 21 28 18 19 11 11 11 16 17 17 10 15 10 16 13 11 10 19 12 21 20 26 13 9 8 13 12 6 15 10 7 11 12 14 12 21 16 12 4 8 8 13 10 13 7 11 7 7 12 8 17 18 15 15 9 17 4 15 12 8 8 7 11 11 4 11 12 9 4 15 7 8 7 6 12 9 6 10 3 5 17 8 8712
62 35 39 31 23 28 27 26 24 21 17 17 22 20 19 30 13 18 9 13 18 17 32 18 25 17 15 16 18 16 10 13 12 13 21 12 20 7 14 10 16 15 8 12 14 13 22 6 14 10 6 6 7 13 9 8 6 9 8 11 12 6 16 7 3 8 14 6 10 23 11 9 7 6 7 6 14 10 12 7 7 12 9 12 13 14 15 16 16 8 7 7 8 13 11 9 9 8 6 12 8716
32 31 31 25 25 32 27 22 19 26 17 21 16 32 21 15 13 17 19 16 16 24 11 12 14 9 20 18 24 12 15 14 16 11 12 19 5 9 14 13 12 10 16 10 6 18 8 9 18 12 18 20 20 9 17 12 13 4 4 12 10 7 11 7 11 9 4 8 4 11 15 6 5 14 7 5 13 13 12 8 6 8 8 9 14 9 6 7 12 10 7 3 15 9 9 7 7 8 11 12 9453
35 36 24 21 26 23 16 17 17 18 18 17 32 26 13 17 17 11 16 13 17 11 19 15 9 10 18 10 16 13 12 10 6 7 8 9 15 19 11 15 13 10 7 14 5 13 5 3 15 9 11 8 11 5 9 10 3 15 13 8 11 12 8 9 8 10 9 8 5 10 10 12 3 9 2 7 5 5 9 10 11 8 9 7 7 12 8 12 6 5 4 4 14 6 8 14 13 3 7 4 9570
40 27 22 27 19 13 16 22 16 16 17 9 7 16 11 11 21 19 12 10 15 9 10 9 18 17 17 14 21 6 11 8 7 12 6 13 7 11 14 7 9 10 10 14 6 4 7 4 6 7 3 10 11 10 4 14 10 5 5 9 3 12 4 4 12 10 5 8 3 4 14 2 10 13 6 4 6 9 5 6 6 7 11 4 5 5 8 7 10 2 8 3 7 2 7 8 1 8 4 2 10714
61 48 40 35 34 33 27 27 23 34 31 31 28 22 20 19 25 17 24 24 15 22 27 35 19 19 17 15 23 18 22 27 19 20 18 22 22 20 11 19 20 16 22 15 16 15 12 12 16 11 9 16 16 17 16 15 15 17 15 18 13 10 18 17 16 15 21 19 17 9 8 10 9 11 12 7 12 14 6 10 10 11 7 16 10 7 10 15 12 12 9 14 11 13 22 12 6 8 10 9 8094
67 49 47 49 51 58 52 39 59 59 44 58 48 37 47 41 47 47 26 36 36 29 29 49 30 28 26 28 27 33 18 26 22 35 34 34 27 30 21 20 23 26 28 17 30 28 24 22 26 23 26 20 20 30 21 20 17 18 19 22 27 22 20 29 25 27 23 16 10 22 22 21 19 29 17 13 11 18 13 14 13 14 13 11 25 15 13 13 22 22 16 20 11 15 9 16 13 14 23 10 6938
41 24 24 19 34 31 20 23 16 13 24 17 23 18 21 24 21 28 9 24 20 14 23 12 19 25 10 16 14 9 9 13 18 11 8 12 12 13 12 30 19 13 20 17 16 8 12 3 11 24 11 16 14 9 9 9 18 11 7 12 11 6 13 5 9 12 14 8 6 11 14 8 11 10 10 7 8 5 12 10 9 8 13 11 11 14 12 5 15 9 7 9 14 6 7 6 15 5 9 14 9075
32 19 31 15 19 25 23 29 17 16 20 15 16 15 13 16 13 13 15 29 16 8 13 23 22 18 19 10 11 9 8 10 12 11 17 11 16 9 12 15 8 12 10 11 12 6 12 13 17 11 6 15 5 10 9 14 12 7 9 11 14 20 7 13 11 8 13 7 3 2 12 10 4 13 10 10 7 5 4 11 10 6 6 5 13 8 12 10 11 10 1 10 5 8 9 8 6 6 10 6 8864
63 43 46 31 46 43 24 29 38 15 33 27 28 33 23 21 20 19 29 26 14 18 18 21 20 21 20 26 18 23 10 13 8 21 21 13 22 17 18 17 23 19 14 15 12 17 9 12 16 15 6 11 19 22 9 10 11 16 10 12 11 11 10 14 17 14 16 18 14 13 17 3 9 14 19 13 22 7 15 13 11 14 9 14 11 8 18 15 14 10 14 6 9 8 10 18 8 13 11 12 7655
52 42 43 32 10 19 22 25 15 0 3 13 2 15 4 7 4 19 9 5 2 9 2 7 2 2 2 3 2 2 2 2 1 18 2 1 12 13 4 1 5 4 3 2 3 16 2 2 9 1 3 3 2 2 3 3 0 0 0 2 2 4 0 2 2 6 0 2 5 1 2 3 1 2 1 1 8 2 2 2 6 0 1 3 3 2 6 0 1 2 1 1 2 0 3 1 1 2 1 0 10742
26 23 15 11 16 9 12 10 7 13 8 4 13 8 14 20 7 8 20 17 12 15 10 12 11 6 6 6 12 8 6 10 10 8 7 15 10 8 5 9 9 6 13 7 12 5 8 3 4 6 13 4 5 5 12 4 3 8 11 7 6 10 6 8 7 5 6 4 6 6 7 9 1 8 2 6 3 4 11 14 2 9 4 2 8 11 8 5 10 2 7 8 2 7 4 4 9 5 5 4 9797
33 34 37 36 33 28 22 19 13 14 18 20 11 14 15 6 7 11 14 7 13 10 4 5 7 12 16 13 15 9 10 10 9 9 2 18 13 7 5 8 4 9 12 7 11 6 6 13 11 5 3 5 4 10 8 11 10 6 11 3 14 7 10 11 7 4 8 9 10 7 8 4 6 8 5 3 9 5 14 8 12 5 3 9 9 5 4 11 5 5 7 4 3 12 7 5 4 6 4 3 9962
20 24 22 19 14 17 12 23 18 11 15 9 7 19 17 8 11 16 9 6 13 9 7 10 3 8 11 11 5 18 14 12 4 7 8 7 10 8 4 9 14 6 9 15 7 7 7 6 7 8 11 9 6 3 9 9 5 6 12 10 10 5 4 11 3 9 16 6 3 9 11 6 4 7 8 6 7 10 6 6 5 4 5 4 5 2 5 5 3 9 8 3 5 4 6 5 2 10 2 4 9787
32 28 27 32 29 31 34 20 23 28 21 17 26 16 23 24 16 22 23 19 22 16 15 18 22 14 24 20 18 21 13 27 22 17 19 27 17 25 16 24 19 24 17 10 9 22 19 17 22 11 15 17 11 8 13 22 14 16 12 10 14 17 12 13 5 17 17 18 16 13 13 15 13 14 10 13 11 12 14 17 16 13 8 12 12 14 20 21 18 9 15 13 11 7 15 5 12 11 3 17 8205
20 18 30 15 24 8 21 20 19 12 13 12 14 14 10 22 8 7 11 18 9 7 23 12 15 17 16 13 5 7 15 9 6 8 9 9 11 17 10 8 8 10 9 7 5 5 11 18 7 14 6 6 7 12 6 11 5 9 13 11 10 15 4 3 5 8 10 5 4 10 7 6 12 8 10 6 5 10 5 6 3 6 7 8 7 8 10 4 5 4 2 17 6 6 3 3 9 12 11 3 9775
22 16 24 14 8 20 11 9 6 19 13 9 10 7 13 10 9 10 7 11 9 13 10 7 6 2 7 5 9 11 10 7 5 6 9 5 8 9 5 6 5 8 10 4 3 6 4 6 5 7 7 7 7 9 4 5 8 5 6 4 8 4 6 4 2 4 9 6 4 6 5 0 7 11 2 9 6 5 4 6 6 2 8 4 7 3 3 4 6 4 5 6 3 5 2 3 4 1 2 1 10481
44 28 24 28 36 24 28 29 20 19 16 15 18 17 12 18 14 15 16 15 16 19 12 19 14 19 13 15 17 20 13 10 19 19 11 15 15 6 10 13 10 8 18 18 12 13 17 17 9 8 13 12 13 13 10 10 5 10 7 14 8 8 8 13 7 8 8 16 8 8 8 11 11 8 6 7 11 13 7 16 6 7 6 8 4 6 4 6 3 7 12 3 10 7 11 6 4 6 5 9 9371
16 20 20 20 21 23 20 14 7 13 15 13 18 12 9 19 14 14 5 10 10 7 14 10 14 13 7 8 16 14 12 9 11 10 16 16 8 11 11 8 10 11 18 7 11 12 6 11 12 5 7 8 6 9 3 10 7 10 5 14 11 5 13 14 12 11 5 15 7 4 9 7 2 7 9 12 8 7 5 12 10 10 7 4 8 8 6 11 14 9 10 3 10 5 5 10 12 4 9 16 8946
19 24 25 21 27 15 16 20 24 23 14 20 16 17 19 11 22 23 14 12 11 23 11 26 11 9 12 14 21 28 14 13 21 21 10 14 11 18 14 15 6 17 10 18 15 11 9 16 12 8 13 18 5 14 9 12 13 12 6 14 9 12 7 10 12 14 9 11 11 8 10 8 7 10 7 8 13 4 8 6 8 10 8 5 13 9 12 9 4 8 2 3 9 10 7 11 7 9 6 14 9514
35 39 38 34 39 26 35 22 37 32 23 28 18 33 24 29 18 26 21 37 16 20 26 20 19 25 15 17 21 14 18 24 20 24 15 18 24 19 14 24 20 13 23 17 20 19 13 23 15 12 19 20 14 20 21 11 13 12 16 18 15 14 16 14 14 30 12 11 12 19 15 21 14 14 19 16 11 19 15 15 14 15 8 14 9 13 20 11 14 17 10 16 17 10 14 14 8 18 10 15 6804
