21 18 16 15 12 11 10 9 8 7 6 5 4 3 2 1 
36 20 19 18 16 15 14 13 12 11 10 9 8 7 6 5 4 3 
46 42 39 38 33 26 25 24 21 19 18 17 16 15 14 13 12 11 10 9 8 7 6 5 4 3 1 
50 43 40 32 30 28 27 26 25 24 23 22 20 19 18 17 16 15 14 13 12 11 10 9 8 7 6 4 
52 41 37 33 31 30 29 28 27 26 25 24 23 22 21 20 19 18 17 16 15 14 13 12 11 10 9 8 7 
31 23 20 18 17 15 14 12 11 10 9 8 7 6 5 4 3 2 1 
68 30 25 24 23 21 19 18 17 16 15 14 13 12 11 10 9 8 7 6 5 4 3 2 1 
85 52 46 42 40 38 36 35 33 32 31 30 29 28 27 26 25 24 23 22 21 20 19 18 17 16 15 14 13 12 11 10 9 7 
23 19 18 16 15 14 13 12 11 10 9 8 7 6 5 4 3 2 1 
49 41 38 34 33 29 28 26 22 21 20 19 18 17 16 15 14 13 12 11 10 9 8 7 6 5 4 
23 21 20 17 16 14 13 12 11 10 9 8 7 6 5 4 3 2 1 
36 15 14 13 12 11 10 9 8 7 6 5 4 3 2 1 
39 30 29 27 25 23 22 20 19 18 17 14 13 12 11 10 9 8 7 6 5 4 3 1 
59 54 53 49 47 46 45 44 43 42 40 35 33 32 31 30 29 27 26 25 24 23 22 21 20 19 18 17 16 15 14 13 12 11 10 9 8 6 5 
27 25 22 19 18 17 16 14 13 12 11 10 9 8 7 6 5 4 3 2 
40 31 24 23 22 21 20 17 16 15 14 13 12 11 10 9 8 7 6 5 4 3 2 1 
36 30 28 24 23 22 21 20 19 18 17 16 15 14 13 12 11 10 9 8 7 6 5 4 3 2 
26 24 21 20 19 18 17 16 15 14 13 12 11 10 9 8 7 6 5 4 3 1 
28 25 24 22 19 17 16 14 13 12 11 10 9 8 7 6 5 4 3 2 1 
57 52 37 36 34 31 22 21 19 18 17 16 15 14 13 12 11 10 9 8 7 6 5 4 3 2 
46 44 42 36 31 30 26 25 24 22 21 20 19 18 17 16 15 14 13 12 11 10 9 8 7 6 5 4 3 
48 47 45 33 25 24 23 22 21 19 18 17 16 15 14 13 12 11 10 9 8 7 6 5 4 3 2 1 
46 33 24 22 21 20 19 18 17 16 15 14 13 12 11 10 9 8 7 6 5 4 3 2 
47 40 35 31 30 29 28 26 25 23 21 20 19 18 17 16 15 14 13 12 11 10 9 8 7 6 5 4 
24 23 22 21 18 17 16 15 14 13 12 11 10 9 8 7 6 5 4 3 2 1 
40 37 33 31 30 27 25 24 23 22 20 19 18 17 15 14 13 12 11 10 9 8 7 6 4 3 2 
44 39 36 32 30 29 27 26 25 24 23 22 21 20 19 18 17 16 15 14 13 12 11 10 9 8 6 5 4 3 
51 46 41 39 38 36 35 33 32 30 29 28 27 25 24 23 21 20 19 18 17 16 15 14 13 12 11 10 9 8 6 5 4 
13 12 10 8 7 6 5 4 3 2 1 
67 46 25 24 23 22 21 19 18 17 16 15 14 13 12 11 10 9 8 7 6 5 4 3 2 
91 87 86 82 77 73 65 60 57 56 55 52 51 50 49 47 44 41 39 38 37 36 34 33 32 31 29 28 27 26 25 24 23 22 21 20 19 18 17 16 15 
118 49 45 44 41 40 35 32 25 24 23 22 21 20 19 18 17 16 15 14 13 12 11 10 9 8 7 6 5 3 
57 56 48 40 38 37 35 32 30 29 28 27 26 25 24 23 22 21 18 17 16 15 14 13 12 11 10 9 8 7 5 4 
102 69 64 59 56 54 53 50 45 44 39 38 37 36 35 34 33 32 31 30 29 28 27 26 25 24 23 22 21 20 19 18 17 16 15 14 12 11 7 
61 50 45 43 40 39 38 37 36 35 34 33 31 30 29 27 26 25 24 23 22 21 20 19 18 17 16 15 14 13 12 11 10 9 7 
40 34 28 26 25 22 21 20 19 18 17 16 14 13 12 11 10 9 8 7 6 5 4 
41 29 28 27 26 23 20 19 18 17 16 15 14 13 12 11 10 9 8 7 6 5 4 
79 74 73 47 43 42 34 33 32 30 29 28 26 23 22 21 20 19 18 17 16 15 14 13 12 11 10 9 
22 21 18 17 16 15 14 13 12 11 10 9 8 7 6 5 4 3 2 1 
94 89 69 65 61 60 54 52 49 46 43 42 39 38 37 36 35 34 33 32 31 29 28 27 26 25 24 23 22 21 20 19 18 17 16 15 14 13 11 9 
49 39 29 26 24 23 21 20 19 18 17 16 14 13 12 11 10 9 8 7 6 5 4 3 2 
96 93 92 90 85 69 68 67 64 63 62 61 60 59 58 56 54 53 52 51 50 49 48 46 45 44 43 42 41 40 39 38 37 36 35 34 33 32 31 30 29 28 27 25 24 22 21 19 18 17 16 13 
44 42 35 33 30 29 27 26 25 24 23 22 21 20 19 18 17 16 15 14 13 12 11 10 9 8 7 5 4 3 
32 27 26 24 23 22 21 20 18 17 16 15 14 13 12 11 10 9 8 7 6 5 4 3 2 
37 31 27 26 24 23 21 20 19 17 16 15 14 13 12 11 10 9 8 7 6 5 4 3 1 
79 39 31 30 28 27 26 25 24 22 21 20 19 18 17 16 15 14 13 12 11 10 9 8 7 6 5 3 1 
67 57 47 38 37 34 33 32 30 29 28 27 26 25 24 23 22 21 20 19 18 17 16 15 14 13 12 11 10 9 8 7 5 
78 77 71 70 68 66 57 53 51 50 49 48 46 45 44 43 42 41 40 37 36 35 34 33 32 31 30 29 28 27 26 25 24 23 22 21 20 19 18 17 16 15 11 9 
55 47 44 33 31 30 27 25 24 23 22 21 20 19 18 17 16 15 14 13 12 11 10 9 8 7 6 5 4 2 
20 18 15 14 13 12 11 10 9 8 7 6 5 4 3 2 1 
54 51 48 44 36 33 32 30 29 28 27 26 24 23 22 21 20 19 18 17 16 15 14 13 12 11 10 9 8 7 
20 15 14 13 12 11 10 9 8 7 6 5 4 3 2 1 
77 60 59 57 56 53 49 47 45 44 42 41 40 39 38 37 35 34 32 31 30 29 28 27 26 25 24 23 22 21 20 19 18 17 15 14 12 11 10 9 8 7 6 
30 15 14 13 12 11 10 9 8 7 6 5 4 3 2 1 
113 72 54 36 35 32 31 30 28 27 23 22 21 20 19 18 17 16 15 14 13 12 11 10 9 8 7 6 5 4 3 1 
33 29 20 19 18 17 16 14 13 12 11 10 9 8 7 6 5 4 3 1 
116 107 95 89 83 81 75 72 66 60 56 53 51 50 49 48 45 43 42 41 40 39 38 37 36 35 34 33 32 31 30 29 28 27 26 24 23 22 21 20 19 18 17 16 15 14 13 12 11 
39 32 28 23 22 21 20 19 18 17 16 15 14 13 12 11 10 9 8 7 6 4 3 2 
33 30 29 26 25 22 21 20 18 17 16 15 14 13 12 11 10 9 8 7 6 5 4 3 
12 11 10 9 8 7 6 5 4 3 2 1 
51 36 30 24 23 22 20 19 18 17 16 15 14 13 12 11 10 9 8 7 6 5 4 3 
46 41 33 32 31 30 28 26 25 23 22 21 20 19 18 17 16 15 14 13 12 11 10 9 8 7 6 5 3 1 
26 21 20 19 18 17 16 15 14 13 12 11 10 9 8 7 6 5 4 3 2 
40 30 26 23 22 21 18 17 16 15 14 13 12 11 10 9 8 7 6 5 4 3 2 
40 32 31 29 28 27 25 24 23 22 21 20 19 18 17 16 15 14 13 12 11 10 9 8 7 3 
53 48 45 43 40 34 31 30 29 26 24 23 22 21 20 19 18 17 16 15 14 13 12 11 10 9 8 6 4 
63 48 35 33 31 30 28 26 24 22 21 20 19 17 16 15 14 13 12 11 10 9 8 7 6 5 2 
76 63 62 52 49 46 45 42 39 38 37 36 35 34 33 32 30 29 28 27 26 24 23 22 21 20 19 18 17 16 15 14 13 12 10 9 
21 18 17 16 14 11 10 9 8 7 6 5 4 3 2 1 
98 90 84 80 78 72 70 68 60 53 52 50 49 47 46 44 43 42 41 40 38 37 36 35 34 33 32 30 29 28 27 26 25 24 23 22 21 20 19 18 17 16 15 13 
25 24 22 21 20 17 16 15 14 13 12 11 10 9 8 7 6 5 4 3 
18 16 15 14 13 11 10 9 8 7 6 5 4 3 2 1 
36 22 21 20 19 18 16 14 13 12 11 10 9 8 7 6 5 4 3 2 1 
38 31 19 18 16 15 14 13 12 10 9 8 7 6 5 4 3 2 1 
11 10 9 8 7 6 5 4 3 2 1 
51 34 23 21 18 17 16 15 14 13 12 11 10 9 8 7 6 5 4 3 2 1 
114 94 88 79 76 71 70 68 66 64 63 62 61 59 56 53 52 51 49 47 45 44 42 41 40 39 38 37 36 35 34 33 32 31 30 29 28 27 26 25 24 23 22 21 20 19 17 16 15 14 13 12 10 
66 52 41 32 25 24 23 22 20 19 18 17 16 15 14 13 12 11 10 9 8 7 6 5 4 3 2 
104 52 46 41 40 39 38 35 34 33 32 31 30 29 28 27 26 25 24 23 22 21 20 19 18 17 16 15 14 13 12 11 10 9 7 6 4 
42 35 32 31 28 26 25 24 21 20 19 18 17 16 15 14 13 12 11 10 9 8 7 6 5 4 3 
62 39 35 32 31 30 28 27 26 25 24 23 22 21 20 19 18 17 16 15 14 13 12 11 10 9 8 7 6 3 
32 31 27 26 25 24 22 21 20 19 18 17 16 15 14 13 12 11 10 9 8 7 6 5 4 3 
36 35 32 26 24 23 21 19 18 17 16 15 14 13 12 11 10 9 8 7 6 5 4 3 2 
40 27 22 21 19 18 17 16 15 14 13 12 11 10 9 8 7 6 5 4 3 2 1 
61 48 40 35 34 33 31 28 27 25 24 23 22 21 20 19 18 17 16 15 14 13 12 11 10 9 8 7 6 
67 59 58 52 51 49 48 47 44 41 39 37 36 35 34 33 30 29 28 27 26 25 24 23 22 21 20 19 18 17 16 15 14 13 11 10 9 
41 34 31 30 28 25 24 23 21 20 19 18 17 16 15 14 13 12 11 10 9 8 7 6 5 3 
32 31 29 25 23 22 20 19 18 17 16 15 14 13 12 11 10 9 8 7 6 5 4 3 2 1 
63 46 43 38 33 31 29 28 27 26 24 23 22 21 20 19 18 17 16 15 14 13 12 11 10 9 8 7 6 3 
52 43 42 32 25 22 19 18 16 15 13 12 10 9 8 7 6 5 4 3 2 1 
26 23 20 17 16 15 14 13 12 11 10 9 8 7 6 5 4 3 2 1 
37 36 34 33 28 22 20 19 18 16 15 14 13 12 11 10 9 8 7 6 5 4 3 2 
24 23 22 20 19 18 17 16 15 14 13 12 11 10 9 8 7 6 5 4 3 2 
34 32 31 29 28 27 26 25 24 23 22 21 20 19 18 17 16 15 14 13 12 11 10 9 8 7 5 3 
30 24 23 22 21 20 19 18 17 16 15 14 13 12 11 10 9 8 7 6 5 4 3 2 
24 22 20 19 16 14 13 11 10 9 8 7 6 5 4 3 2 1 
44 36 29 28 24 20 19 18 17 16 15 14 13 12 11 10 9 8 7 6 5 4 3 
23 21 20 19 18 16 15 14 13 12 11 10 9 8 7 6 5 4 3 2 
28 27 26 25 24 23 22 21 20 19 18 17 16 15 14 13 12 11 10 9 8 7 6 5 4 3 2 
39 38 37 35 34 33 32 30 29 28 26 25 24 23 22 21 20 19 18 17 16 15 14 13 12 11 10 9 8 
