21 18 16 15 12 6 4 3 
36 20 19 18 16 14 13 9 
46 42 39 38 33 26 25 17 16 14 
50 43 40 32 30 28 26 25 23 
52 41 37 33 28 27 26 23 
31 23 20 18 15 14 12 5 
68 30 25 24 23 21 19 15 12 
85 52 46 42 40 35 29 23 22 
23 18 16 15 14 13 11 10 7 
49 41 38 34 33 28 26 20 
23 21 20 16 14 13 12 11 
36 15 12 11 10 8 
39 30 29 27 23 22 20 17 10 
59 54 53 49 46 45 44 43 35 
27 25 22 19 18 17 16 14 10 9 
40 31 24 23 22 20 16 14 12 
36 30 28 24 23 18 16 15 
26 24 21 20 19 17 14 13 12 
28 25 24 22 16 13 10 5 
57 52 37 36 34 31 22 21 19 18 
46 44 42 36 31 30 26 25 24 22 
48 47 45 33 25 23 21 19 18 
46 33 24 22 20 18 17 16 12 
47 40 31 30 29 28 20 17 
24 22 21 18 17 14 10 9 
40 37 33 31 25 23 20 
44 39 36 32 24 23 21 20 18 
51 46 41 39 33 30 25 20 
13 12 10 7 5 4 
67 46 25 23 22 18 17 16 
91 87 86 82 77 73 65 57 50 38 
118 49 45 44 41 40 35 32 23 15 
57 56 48 38 37 35 29 26 
102 69 64 59 56 54 50 45 37 
61 50 40 39 38 37 36 35 33 30 
40 34 21 20 19 18 16 11 9 
41 29 28 27 26 23 20 19 13 10 
79 74 73 47 43 42 34 33 30 
21 18 17 15 12 11 
94 89 69 65 61 60 54 49 39 37 
49 39 29 26 24 21 20 19 16 
96 93 92 90 85 67 61 56 52 43 
44 42 35 33 26 24 23 
32 27 26 24 23 22 20 18 
37 31 27 26 24 23 21 20 16 
79 39 31 28 27 26 25 21 18 16 
67 57 47 33 32 30 29 27 26 
78 77 71 70 68 57 53 46 42 
55 47 44 33 30 25 23 22 21 18 
20 18 15 14 12 9 8 
54 51 48 44 36 32 29 28 
20 15 14 13 12 11 10 9 7 6 
77 60 59 57 56 53 42 41 35 
30 14 12 11 10 9 8 6 
113 72 54 36 35 32 31 30 21 
33 29 18 17 14 11 
116 107 95 89 83 81 75 72 66 51 
39 32 28 23 22 20 19 13 
33 30 29 26 25 21 20 17 16 
12 11 10 9 6 5 4 3 1 
51 36 30 24 23 22 15 
46 41 33 32 31 30 28 26 21 
26 21 20 19 13 12 11 8 6 
40 30 26 23 21 18 10 8 
40 31 29 28 27 25 24 23 21 20 
53 48 45 43 40 31 30 23 21 
63 48 35 33 31 30 28 24 21 12 
76 63 62 52 49 45 39 37 
21 18 17 16 14 11 10 2 
98 90 84 80 78 52 46 44 38 37 
24 22 21 20 17 14 11 8 
18 16 14 11 10 9 8 
36 21 19 18 16 14 13 
38 31 18 15 12 10 7 4 
11 8 7 6 5 4 3 
51 34 23 21 18 15 13 10 
114 94 76 70 62 53 47 42 
66 52 41 32 25 24 23 
104 52 46 40 39 38 35 34 32 29 
42 35 32 26 25 24 19 
62 39 35 31 28 27 26 24 23 21 
32 31 27 26 25 22 19 
36 35 26 24 23 21 18 17 16 
40 27 22 19 16 13 
61 48 40 35 34 33 27 23 
67 59 58 52 51 49 47 39 
41 34 31 24 23 20 19 16 13 
32 31 29 25 23 19 17 16 15 
63 46 43 38 31 29 24 15 
52 43 42 32 25 22 19 15 10 
26 23 16 15 13 12 11 10 9 7 
37 36 34 33 28 22 19 14 13 
24 23 22 20 19 18 17 14 12 11 
34 32 31 29 28 27 23 20 
30 24 21 20 19 18 15 12 8 
24 22 20 19 16 14 11 9 8 6 
44 36 29 28 24 20 19 
23 21 20 16 14 13 7 
27 25 24 23 21 20 19 16 15 
39 38 37 35 34 32 26 22 
