1 500 11 
21 11196
36 10035
42 9693
40 8869
41 7010
31 11244
68 9468
85 6626
16 10721
49 8442
23 10935
36 10598
39 9735
59 7705
22 10158
40 9649
36 9277
24 9376
28 10815
57 10280
36 9246
33 10164
46 9286
47 8502
24 10649
40 9719
39 8502
51 7957
13 11283
67 10037
86 5542
118 8539
56 7992
102 5400
50 7900
40 9873
41 9657
73 6281
17 10619
89 7028
49 10241
96 5174
42 8721
26 10010
24 9146
79 8515
67 8422
77 5646
55 8067
14 11025
51 7749
20 10185
77 8948
30 10487
113 9211
29 8806
107 4810
39 9665
29 8873
11 11218
51 9781
46 8945
21 10166
30 9354
40 7705
53 7486
63 9698
62 6680
17 11659
84 5144
20 9254
16 10271
36 10254
38 10378
8 10632
51 9746
94 5778
52 9743
104 7922
42 8712
62 8716
32 9453
35 9570
40 10714
61 8094
67 6938
41 9075
32 8864
63 7655
52 10742
26 9797
33 9962
20 9787
32 8205
20 9775
22 10481
44 9371
16 8946
19 9514
35 6804
