10 500 11 
21 15 18 16 15 6 18 12 4 3 11196
36 19 16 13 9 13 14 18 20 14 10035
42 39 33 46 25 38 26 14 16 17 9693
40 43 50 32 26 30 30 25 23 28 8869
41 52 37 41 27 28 33 26 28 23 7010
31 23 20 15 12 5 14 18 20 14 11244
68 30 24 21 19 15 19 12 23 25 9468
85 46 52 42 40 42 23 29 35 22 6626
16 23 10 18 13 7 11 14 14 15 10721
49 41 28 38 33 34 26 28 26 20 8442
23 21 20 11 13 14 13 16 16 12 10935
36 12 10 11 12 10 12 8 8 15 10598
39 29 39 30 23 27 22 10 20 17 9735
59 54 45 49 43 53 46 44 43 35 7705
22 27 25 17 19 10 18 16 9 14 10158
40 31 24 24 23 16 20 22 14 12 9649
36 30 23 28 16 23 18 15 18 24 9277
24 26 21 14 17 17 19 12 13 20 9376
28 22 25 22 22 24 16 5 13 10 10815
57 52 34 31 37 18 36 19 21 22 10280
36 42 46 24 44 30 25 31 22 26 9246
33 47 45 25 48 21 19 19 23 18 10164
46 22 20 33 18 22 16 17 12 24 9286
47 29 31 30 28 20 28 40 29 17 8502
24 24 21 18 17 10 14 10 9 22 10649
40 37 33 31 23 20 25 23 25 20 9719
39 32 44 36 24 21 23 18 32 20 8502
51 41 46 39 51 20 30 33 25 25 7957
13 12 10 10 12 5 12 10 7 4 11283
67 46 22 25 23 16 22 23 17 18 10037
86 87 82 91 57 77 73 65 38 50 5542
118 49 40 45 41 35 23 44 32 15 8539
56 57 35 48 38 37 37 29 26 26 7992
102 64 54 59 69 37 45 56 37 50 5400
50 61 35 33 38 37 39 36 30 40 7900
40 21 20 16 21 9 11 18 34 19 9873
41 27 29 28 23 19 20 13 26 10 9657
73 79 74 43 42 42 47 34 30 33 6281
17 15 18 17 18 21 11 18 18 12 10619
89 94 69 54 61 60 65 49 37 39 7028
49 39 26 29 16 19 21 24 16 20 10241
96 90 93 92 61 85 56 67 43 52 5174
42 42 44 26 33 24 23 35 26 26 8721
26 22 23 23 27 32 20 20 24 18 10010
24 27 31 26 37 21 23 23 20 16 9146
79 39 26 18 27 16 31 25 21 28 8515
67 47 57 32 30 30 26 29 27 33 8422
77 68 71 77 70 46 78 57 42 53 5646
55 47 33 25 44 21 18 22 23 30 8067
14 18 15 20 15 8 14 8 12 9 11025
51 54 48 44 48 32 36 28 32 29 7749
20 11 13 9 7 12 14 6 15 10 10185
77 59 60 60 42 56 35 53 57 41 8948
30 11 9 12 10 14 12 8 6 6 10487
113 72 54 32 31 32 35 21 30 36 9211
29 29 18 33 33 14 14 11 18 17 8806
107 75 95 83 89 116 72 66 81 51 4810
39 39 22 22 28 32 23 13 20 19 9665
29 21 30 26 17 20 33 26 16 25 8873
11 10 1 12 9 4 6 3 5 3 11218
51 30 22 23 36 30 24 23 24 15 9781
46 41 28 31 32 31 26 33 21 30 8945
21 11 19 20 12 19 6 8 26 13 10166
30 40 23 18 21 18 8 26 21 10 9354
40 29 27 23 21 28 31 24 25 20 7705
53 48 45 43 40 21 30 23 30 31 7486
63 48 33 30 35 31 21 24 12 28 9698
62 76 63 45 45 52 45 37 49 39 6680
17 21 16 14 14 11 10 2 10 18 11659
84 80 78 90 38 37 52 46 98 44 5144
20 17 14 24 11 14 22 8 14 21 9254
16 11 14 9 18 8 14 11 8 10 10271
36 21 18 13 13 19 16 14 18 19 10254
38 31 15 18 12 10 7 4 12 12 10378
8 7 5 11 7 3 11 6 4 5 10632
51 34 18 23 21 21 13 10 10 15 9746
94 70 62 114 76 47 70 53 47 42 5778
52 41 66 32 41 23 24 25 24 24 9743
104 39 52 40 38 46 35 34 32 29 7922
42 35 42 32 32 25 26 24 25 19 8712
62 35 39 31 23 28 27 26 24 21 8716
32 31 31 25 25 32 27 22 19 26 9453
35 36 24 21 26 23 16 17 17 18 9570
40 27 22 27 19 13 16 22 16 16 10714
61 48 40 35 34 33 27 27 23 34 8094
67 49 47 49 51 58 52 39 59 59 6938
41 24 24 19 34 31 20 23 16 13 9075
32 19 31 15 19 25 23 29 17 16 8864
63 43 46 31 46 43 24 29 38 15 7655
52 42 43 32 10 19 22 25 15 0 10742
26 23 15 11 16 9 12 10 7 13 9797
33 34 37 36 33 28 22 19 13 14 9962
20 24 22 19 14 17 12 23 18 11 9787
32 28 27 32 29 31 34 20 23 28 8205
20 18 30 15 24 8 21 20 19 12 9775
22 16 24 14 8 20 11 9 6 19 10481
44 28 24 28 36 24 28 29 20 19 9371
16 20 20 20 21 23 20 14 7 13 8946
19 24 25 21 27 15 16 20 24 23 9514
35 39 38 34 39 26 35 22 37 32 6804
